0 71.09 68.48 81.04 65.74 76.47 99.79 96.14 99.6 77.84 51.14 28.21 46.63 85.93 92.22 28.82 64.56 91.15 98.65 33.55 57.09 42.79 69.82 70.35 45.53 94.07 92.88 67.01 19.94 65.48 41.4 79.21 50.8 30.5 64.49 34.42 90.01 58.2 42.9 94.22 75.64 72.43 95.56 99.05 82.13 63.04 42.17 92.54 73.15 54.66 56.82 74.63 95.2 88.56 87.39 76.34 66.1 96.25 88.65 60.25 78.14 46.91 39.52 35.45 83.67 75.62 88.77 87.02 99.16 93.08 56.85 86.81 70.88 51.61 79.79 86.85 82.93 63.76 63.4 15.67 51.48 45.16 84.97 61.14 20.63 12.71 97.46 24.75 76.42 43.14 43.16 82.73 99.22 79.18 91.75 37.48 84.69 72.32 99.47 94.06 87.53 92.41 12.17 76.09 88.57 52.66 86.64 94.17 91.69 76 43.14 91.23 48.59 69.8 86.75 61.23 64.27 93.32 22.65 17.35 49.17 93.6 16.32 49.31 86.16 59.08 33.44 37.91 65.65 75.37 53.32 55.52 96.6 52.8 87.17 44.99 71.82 88.29 28.65 76.1 59.38 99.78 47.41 60.4 63.57 62.11 99.56 83.72 54.48 98.04 99.98 68.39 97.5 70.35 81.74 85.88 36.07 97.53 40.68 91.89 88.99 81.02 78.09 68.38 60.99 88.02 76.51 72.39 97.49 95.18 16.6 80.07 35.79 99.83 86.51 97.32 76.03 59.12 99.12 28.71 75.4 30.59 60.25 99.85 57.37 53.11 80.67 67.49 75.77 29.17 55.48 89.1 19.87 67.79 99.08 99.82 72.03 32.46 98.79 98.4 
71.09 0 13.49 10.29 106.17 111.37 32.36 110.87 170.46 148.85 97.93 62.98 24.62 121.59 148.38 62.69 34.28 20.61 128.99 103.82 42.95 53.48 118.4 130.97 84.88 55.04 137.43 131.7 51.54 79.78 112.47 133.05 116.76 93.98 106.54 37.44 23.49 17.37 42.82 75.01 146.08 101.08 161.6 104.64 64.15 133.71 48.98 154.46 32.92 78.49 49.48 144.19 93.52 28.87 87.48 71.19 53.34 120.65 106.87 130.93 130.38 64.48 87.13 38.94 151.6 31.36 143.43 157.59 169.22 164.16 108.74 64.65 92.11 55.41 15.97 154.51 76.7 22.14 96.28 82.54 75.74 83.11 99.16 122.18 85.57 83.73 161.36 95.19 54.28 72.87 96.86 146.58 121.69 124.03 45.51 104.86 109.95 131.03 70.35 124.52 54.66 138.42 75.01 82.97 125.49 27.81 128.02 77.26 141.84 142.42 105.65 160.53 115.05 119.22 91.78 70.88 131.75 160.55 75.6 62.36 119.82 32.67 62.83 119.86 150.14 12.39 51.23 96.35 64.9 80.57 103.77 124.42 166.8 27.3 76.83 105.45 141.12 40.53 50.1 110.98 95.25 47 63.72 120.98 26.83 61.29 138.53 18.5 35.91 54.86 140.03 124.99 61.72 134.32 48.48 34.07 105.32 147.31 90.6 161.07 148.08 43.86 92.25 41.75 87.2 158.9 20.61 68.96 165.52 102.48 73.95 128.42 73 40.18 110.98 153.86 117.36 126.31 88.99 83.37 102.63 95.86 129.69 113.7 70.54 110.16 140.41 55.54 142.07 86.15 96.42 98.12 53.18 138.88 159.03 43.9 10.08 74.2 157.46 87.67 
68.48 13.49 0 17.08 111.67 99.99 43.52 97.86 167.93 145.14 101.97 55.31 25.63 110.05 139.19 65.78 45.27 29.96 116.81 101.96 30.63 59.53 122.8 123 75.22 42.85 126.62 124.75 50.3 88.12 109.17 123.71 110.5 94.38 96.17 37.88 21.56 10.29 48.6 87.31 144.11 108.31 154.66 115.14 50.66 131.5 39.24 146.41 19.59 67.28 58.44 139 80.07 42.16 98.11 81.76 40.19 108.12 115.82 126.79 134.31 53.72 90.45 33.58 151.27 44.24 147.04 153.12 167.62 160.65 112.21 76.9 79.97 43.86 11.34 148.26 63.27 33.13 85.18 81.63 82.23 87.87 86.3 123.9 80.27 81.16 162.67 91.34 66.02 62.89 99.53 139.16 130.44 129.26 34.2 104.38 117.99 133.49 57.5 132.17 67.54 143.74 70.24 70.02 132.14 18.26 117 63.84 131.74 142.69 98.8 155.05 115.04 109.5 78.55 58.63 125.73 160.58 68.98 62.97 117.65 26.4 57.59 115.69 151.34 17.72 55.03 89.05 74.45 90.25 94.72 119.12 161.9 34.78 88.28 106.95 140.02 53.97 43.7 117.56 101.07 60.41 70.33 113.23 13.78 48.64 127.04 31.46 44.57 68.31 146.44 116.33 74.96 135.37 35.31 23.46 100.56 152.03 82.13 160.09 150.68 56.7 101.24 28.32 94.16 156.36 34 55.79 159.33 89.22 74.33 118.31 76.98 53.14 98.62 157.17 106.57 126.14 75.51 85.11 90.72 90.08 128.46 123.41 78.39 102.01 132.07 65.98 135.46 79.2 86.31 108.01 49.13 135.59 161.52 35.68 23.37 65.89 148.64 99.5 
81.04 10.29 17.08 0 115.8 117.06 26.73 114 180.53 158.69 107.92 71.26 34.78 127.1 155.94 72.89 41.74 12.89 133.66 113.94 47.6 63.19 128.29 139.24 92.06 52.17 143.7 140.46 61.64 88.38 122.36 140.5 125.79 104.27 113.2 47.66 14.94 24.97 52.69 79.98 156.22 110.11 170.39 111.57 64.91 143.81 56.01 162.71 33.43 84.36 58.04 153.62 94.99 28.43 94.39 78.31 56.38 124.76 114.98 140.65 140.35 70.77 97.26 47.97 161.88 36.17 153.44 167.25 179.41 174.05 118.81 69.84 96.88 60.94 11.6 163.58 78.46 30.18 102.26 92.75 85.17 92.99 102.68 132.43 94.89 93.71 171.62 104.93 60.36 79.8 107.06 155.14 129.86 133.7 41.81 115.12 118.56 141.21 68.4 133.28 58.75 148.05 84.46 86.32 134.68 34.72 134.08 77.15 148.73 152.71 114.43 169.89 125.33 126.39 94.35 75.52 140.89 170.83 84.4 72.64 129.91 25.6 72.09 129.56 160.41 22.67 61.39 104.91 72.9 88.32 111.38 133.8 176.34 36.97 82.97 115.73 151.35 42.64 58.86 120.23 104.82 46.69 73.18 129.36 30.56 65.35 144.09 17.47 44.9 56.57 149.28 132.86 64.57 144.6 47.83 30.34 114.84 157.08 98.54 171.31 158.24 48.29 100.4 43.89 96.4 168.96 24.34 71.81 174.62 104.89 84.23 135.29 83.06 38 115.4 163.91 123.64 136.58 89.34 93.64 107.69 105.04 139.9 121.24 79.45 118.31 148.48 62.98 150.99 94.84 103.28 105.61 62.74 148.8 169.2 37.45 16.1 82.2 165.26 93.23 
65.74 106.17 111.67 115.8 0 140.15 120.95 161.82 101.31 94.66 15.05 93.16 86.32 148.74 142.53 47.52 77.46 119.87 162.16 58.66 115.04 52.69 15.46 119.44 110.65 149.21 151.53 110.93 69.37 34.35 71.94 133.44 97.07 41.92 127.09 75.75 129.61 102.9 63.47 72.38 79.02 16.07 130.8 51.16 143.08 73.17 102.89 135.81 124.9 120.38 59.87 103.63 160.14 105.64 51.18 54.22 126.5 161.04 33.57 87.12 27.83 111.59 26.27 88.82 70.85 88.6 40.87 106.88 93.55 103.93 17.6 72.48 136.59 114.02 120.84 119.64 146.63 86.54 128.32 52.94 30.93 24.17 150.72 36.52 80.43 62.86 68.14 71.7 70.31 108.83 25.18 124.65 37.53 17.93 143.6 48.41 24.83 36.67 158.58 29.08 82.34 32.26 76.87 141.32 22.9 103.4 147.35 156.32 147.07 59.88 96.93 117.4 47.17 128.43 152.13 126.02 103.06 75.35 87.86 55.69 65.95 137.6 80.87 81.75 59.46 95.03 56.91 97 50.49 43.45 113.93 93.02 117.11 78.89 61.43 33.14 69.16 95.37 88.62 11.41 11.11 105.54 42.73 111.72 114.07 125.06 160.24 107.92 71.3 95.9 35.64 122.06 88.99 48.72 137.74 134.43 80.72 41.57 103.7 82.64 49.67 84.08 33.92 124.56 21.92 92.5 97.52 135.86 127.1 160.84 49.38 137.99 35.7 112.15 151.61 51.73 137.74 53.16 162.94 37.13 140.54 85.59 63.24 44.39 38.97 109.5 128.86 61.06 114.4 91.56 119.36 42.8 78.52 84.84 59.99 147.33 100.57 98.14 145.46 66.21 
76.47 111.37 99.99 117.06 140.15 0 143.36 31.35 123.49 97.49 125.1 56.13 96.66 10.44 49.22 103.95 126.17 129.95 22.18 87.39 69.59 114.62 140.55 47.78 31.83 89.53 27.78 57.88 84.66 141.34 80.03 35.84 57.01 99.19 13.79 92.45 115.99 94.1 109.85 164.8 110.17 148.59 79.23 175.08 66.08 100.08 63.12 63.95 87.57 32.88 126.08 81.66 49.72 139.02 162.28 149.35 63.58 22.34 165.12 82.35 145.45 47.06 114.72 78.47 127.4 133.27 152.64 97.31 130.24 110.45 127.66 155.75 22.52 56.14 108.31 79.69 53.3 118.98 15.39 87.24 127.68 121.46 28.72 123.43 59.74 77.29 148.01 70.47 144.09 40.5 115.46 63.33 175.32 150.67 95.94 97.77 160.84 134.89 81.05 169.13 152.4 161.99 64.39 38.72 162.29 83.63 17.66 66.48 36.41 125.69 48.61 90.87 106.32 23.41 40.23 42.45 66.42 137.02 53.96 92.09 92.39 111.49 65.77 76.31 138.62 104.89 104.24 44.26 138.63 150.48 28.1 68.94 100.74 110.9 159.76 112.05 113.8 146.06 68.72 151.13 135.21 155.63 121.96 44.73 86.67 53.22 27.18 129.66 117.89 159.18 171.8 37.53 162.1 126.27 81.36 99.43 65.97 164.23 36.45 129.16 148.2 143.11 154.37 76.18 137.47 114.61 127.88 51.65 88.75 39.34 92.81 25.1 112.22 150.92 16.19 158.19 10.43 111.72 60.42 103.49 12 56.3 105.48 176.32 132.49 37.34 50.5 137.37 67.57 48.6 21.01 165.22 74.21 94.39 155.63 109.15 118.61 46 59.97 171.61 
99.79 32.36 43.52 26.73 120.95 143.36 0 140.67 197.41 177.36 116.14 95.03 53.89 153.49 180.66 84.82 43.74 14.27 160.32 130.86 74.15 71.39 135.06 162.86 117.24 75.61 169.67 163.04 79.85 89.13 140.94 165.36 147.73 118.37 138.87 65.38 34.62 49.71 62.94 68.94 172.56 111.96 192.83 104.89 90.93 160.65 81.33 186.33 59.8 110.54 61.15 174.15 121.17 15.45 88.4 74.02 83.1 151.48 112.48 160.03 147.61 96.68 107.22 70.55 175.76 32.38 160.92 186.81 194.97 192.31 127.58 60.28 123.49 87.24 37.38 185.28 104.83 37.58 128.4 109.04 90.23 100.74 129.39 143.69 116.17 112.01 182.75 124.46 54.58 105.22 117.62 178.16 127.2 138.68 64.79 130.14 118.12 151.01 92.31 133.14 47.47 152.43 105.4 113.03 136.73 60.07 160.19 102.53 174.2 165.82 137.06 190.67 139.43 151.58 120.93 102.14 162.47 184.03 107.12 87.99 146.93 45.34 93.77 149.1 171.92 41.94 73.42 128.05 72.24 85.64 136.05 154.61 196.37 48.31 75.17 127.82 166.54 29.44 81.85 122.97 109.88 26.67 79.12 152.8 57.2 92.05 170.47 16.08 51.71 39.61 151.36 157.14 49.39 156.64 73.31 54.15 135.25 162.4 122.76 186.03 167.42 39.81 98.64 70.54 99.65 185.95 24.65 98.49 196.21 131.4 99.21 160.78 92.8 15.67 142.09 171.73 149.6 150.65 114.93 106.23 134.24 126.67 155.45 116.39 82.16 142.17 172.43 61.26 173.15 117.74 128.77 101.08 83.64 167.02 178.37 56.54 27.94 106.38 189.63 83.07 
96.14 110.87 97.86 114 161.82 31.35 140.67 0 154.7 128.58 147.04 70.2 102.6 32.44 77.6 120.43 133.14 126.49 27.27 113.89 68.26 127.98 164.41 79.07 51.69 74.29 51.64 89.22 98.61 157.29 108.48 66.05 87.34 122.93 43.58 102.31 108.96 94.97 120.97 174.74 140.51 168.07 109.71 190.72 51.98 129.87 68.86 93.74 81.08 42.07 137.07 112.97 24.91 139.72 176.28 161.8 57.69 15.81 183.17 112.88 170.73 54.1 135.65 86.41 157.15 137.73 179.11 128.66 161.17 141.75 151.32 164.91 25.28 58.21 103.48 110.83 37.17 123.75 35.3 109.44 144.69 140.82 12.27 149.78 83.56 100.25 177.19 96.36 153.03 53.54 138.24 94.21 194.78 174.25 83.18 123.65 180.26 161.42 61.43 190.19 159.25 186.57 85.04 27.91 184.56 85.2 42.97 46.09 63.07 154.59 77.62 122.1 133.16 54.71 20.23 41.85 97.61 166.94 74.05 109.12 121.04 101.8 82.07 106.01 167.34 107.68 117.87 71.18 151.48 165.07 57.18 99.52 132.01 117.89 171.49 136.76 143.44 149.61 79.53 172.24 155.38 157.62 136.95 75.92 84.12 49.87 43.81 129.26 126.5 163.62 195.34 68.85 168.3 154.11 69.95 89.96 94.09 189.94 61.01 159.62 175.77 149.02 171.01 70.13 155.65 145.61 130.02 42.19 119.58 11.78 112.68 54.64 130.37 150.97 15.21 185.53 41.1 139.74 35.97 124.7 23.43 82.9 134.43 193.86 147.66 67.59 81.09 148.05 98.88 72.33 46 181.25 87.78 124.98 183.88 96.31 119.74 63.69 88.1 183.55 
99.6 170.46 167.93 180.53 101.31 123.49 197.41 154.7 0 26.36 93.99 117.72 145.86 125.64 90.01 113.79 157.02 190.12 138.2 66.73 151.35 129.2 88.17 77 113.27 187.24 114.3 65.9 118.92 130.64 58.98 93.09 68.79 80.02 111.35 133.17 189.49 157.69 135.33 169.81 25.03 117.37 58.16 152.36 169.28 36.81 135.88 73.62 170.1 128.95 143.04 42.05 168.18 184.51 151.4 150.03 156.32 144.4 134.27 44.28 80.67 131.52 96.51 134.48 31.71 169.2 75.44 27.82 11.8 14.03 84.61 166.89 136.45 141.02 179.27 49.89 163.41 160.01 122.39 88.42 119.5 106.21 149.23 64.88 90.06 86.89 47.82 77.06 160.48 121.99 86.75 66.32 133.52 94.86 187.48 67.79 124.59 66.65 187.63 120.81 173.21 94.68 98.6 150.66 109.56 151.29 117.47 177.31 103.37 41.94 80.69 39.12 60.2 100.62 157.9 141.7 57.09 32.66 103.42 109.42 50.67 192.35 111.23 54.42 47.94 158.25 124.57 90.22 142.38 141.69 98.93 56.52 30.77 149.12 159.4 74.75 33.04 180.29 125.56 109.98 107.37 191.88 125.78 78.78 161.64 148.35 126.17 181.54 147.34 186.17 107.7 86.7 182.02 52.9 175.16 183.53 70.06 88.07 101.5 21.04 63.69 170.53 134.63 162.89 118.38 11.58 173.08 155.38 47.97 160.97 98.27 104.02 108.96 194.64 139.67 71.63 114.57 50.16 176.73 93.14 132.12 82.63 42.68 144.09 129.7 87.83 79.02 150.13 57.89 96.02 111.86 144.09 118.83 33.17 61.93 197.29 170.38 111.71 84.94 166.31 
77.84 148.85 145.14 158.69 94.66 97.49 177.36 128.58 26.36 0 84.1 93.07 124.47 100.14 67.9 96.34 139.05 168.99 113.04 47.42 126.64 112.3 84.3 51.96 87.11 161.98 90.2 40.49 97.7 119.27 36.46 68.62 42.44 64.1 85.13 112.17 166.65 135.03 116.92 157.34 19.45 110.12 41.19 145.29 143.45 21.52 111.33 53.35 145.84 102.79 126.72 17.47 141.81 165.34 141.46 137.44 130.92 118.72 128.2 18.72 80.33 105.94 83.35 111.56 38.09 150.97 79.42 12.22 33.02 15.62 77.07 153.05 110.09 115.75 156.47 30.43 137.22 140.54 96.04 69.04 106.58 93.58 122.91 59.41 65.65 65.39 59.69 53.83 145.29 96.2 75 44.08 130.39 92.93 162.74 52.02 119.31 65.65 161.76 118.73 157.8 96.75 75 124.34 107.99 127.91 92.47 151.17 79.97 43.33 54.47 23.82 48.18 74.9 131.54 115.67 31.14 45.18 78.62 90.01 32.25 168.75 87.71 29.62 54.58 136.91 106.2 64.17 128.65 130.68 72.57 30.22 22.54 129.52 147.55 63.39 28.96 162.79 101.95 104.9 98.21 174.46 110.77 52.76 137.88 122.65 101.96 161.31 129.06 170.15 109.69 61.24 167.14 51.45 150.03 159.42 45.22 92.85 75.36 34.46 69.49 153.81 125.74 138.09 108.02 17.3 153.53 129.37 34.15 134.67 79.68 79.09 93.77 176.08 113.63 79.21 88.84 41.78 150.4 77.41 105.87 57.36 31.46 138.99 116.45 61.5 55.55 135.07 34.16 70.56 85.5 136.16 96.14 10.81 71.87 173.02 149.76 86.29 64.89 155.89 
51.14 97.93 101.97 107.92 15.05 125.1 116.14 147.04 93.99 84.1 0 78.91 76.35 133.69 128.31 36.31 72.44 113.39 147.11 44.61 102.5 45.23 20.91 105.17 95.74 137.6 136.65 97.06 56.69 36.72 58.28 118.82 82.76 27.13 112.04 64.82 121.05 92.66 55.28 76.01 70.26 27.06 118.3 61.52 130.08 62.65 89.65 122.32 113.75 105.8 55.45 91.45 146.01 101.23 57.71 56.47 113.54 146.05 45.54 74.67 32.46 97.48 12.35 76.58 65.42 84.32 45.52 96.23 87.58 94.82 11.52 74.03 121.85 100.51 111.79 107.29 132.91 79.96 113.36 37.93 27.35 15.39 136.05 30.25 65.37 47.81 67.45 56.82 69.47 94.28 10.53 111.2 51.85 28.77 132.66 34.9 38.2 35.18 146.11 44.11 82.1 42.89 62.02 127.06 37.52 92.04 132.35 143.07 132.41 54.44 82.1 106 35.92 113.5 137.8 111.91 89.6 71.64 73.02 42.64 53.69 128.26 66.64 68.36 57.28 86.19 47.03 81.98 50.04 47.7 98.9 79.46 106.64 71.08 65.46 20.77 61.03 92.82 75.29 26.26 14.15 103.73 37.13 97.18 102.99 111.48 145.25 102.03 64.85 95.6 49.02 107.42 89.96 43.67 125.85 124.08 66.19 50.21 88.66 77.03 51.29 81.88 41.64 112.5 24.41 84.22 91.9 122.18 115.36 146.32 35.07 123.13 25.03 109.06 136.65 56.07 122.7 44.08 149.22 22.43 125.6 70.62 53.28 56.94 37.32 94.61 114.76 59.4 101.19 76.52 104.33 52.15 65.13 73.8 62.24 137.37 93.47 83.41 131.66 72.48 
28.21 62.98 55.31 71.26 93.16 56.13 95.03 70.2 117.72 93.07 78.91 0 42.98 66.45 85.83 50.24 70.8 83.42 77.47 56.75 33.64 58.95 97.99 68.02 24.81 69.93 78.36 69.45 28.97 87.29 59.27 70.75 55.53 58.33 47.22 36.62 75.96 46.3 53.72 108.67 95.85 98.15 99.35 120.9 55.03 83.16 18.26 91.51 52.85 28.13 69.96 84.82 67.12 87.49 107.12 93.55 39.84 72.88 112.97 74.35 106.3 18.7 66.92 24.78 107.14 79.05 116.7 99.7 119.51 108.68 85.05 99.64 45.13 24.57 66.16 93.14 54.77 65.01 41.17 43.55 74.5 71.06 58.45 88.51 27.67 36.98 123.1 41.41 88.04 16.84 71.32 83.91 124.76 107.24 69.77 63.45 110.27 99.93 72.95 120.8 96.77 120.59 20.87 48.17 116.05 37.08 70.1 66.39 80.73 100.84 43.56 100.44 74.45 57.72 58.98 33.06 70.84 117.12 14.48 38.97 70.15 76.43 12.29 63.54 111.98 53.48 48.6 33.74 82.9 95.57 41.42 65.05 107.85 55.85 103.82 72.87 94.21 92.11 13.61 103.03 85.83 102.51 67.16 58.1 45.67 34.37 82.23 79.68 62.06 104.47 127.9 62.13 106.61 96.58 57.68 66.51 47.86 125.71 27.8 113.81 116.26 87.94 100.9 45.17 85.49 106.39 75.59 44.32 104.22 67.92 43.85 67.57 60.31 99.49 62.69 124.94 58.98 84.05 70.93 56.57 51.84 35.99 82.95 123.67 77.86 47.18 77.44 81.24 80.22 24.02 36.85 111.29 18.23 84.58 126 79.99 67.8 11.59 94.62 115.75 
46.63 24.62 25.63 34.78 86.32 96.66 53.89 102.6 145.86 124.47 76.35 42.98 0 107.1 128.59 40.15 30.53 44.53 116.43 79.2 36.73 35.01 97.19 109.67 67.09 64.37 120.8 109.3 26.94 65.08 88.03 113.65 93.86 69.77 89.52 12.92 45.69 16.6 24.34 72.67 121.47 83.93 139.01 94.85 64.5 109.1 34.27 133.06 39.53 64.55 37.49 120.41 90.04 44.72 78.45 62.5 49.43 109.65 93.08 106.72 108.68 50.31 64.83 18.41 127.23 36.61 121.42 133.45 144.63 139.7 86.59 62.59 80.41 44.4 35.89 131.39 73.52 22.34 81.27 57.97 57.58 62.38 90.37 98.69 62.28 59.2 137.67 70.99 50.75 56.29 74 124.56 107.32 103.8 57.63 80.4 94.23 108.05 76.36 107.97 56.74 118.28 51.51 75.4 107.24 20.12 112.06 78.54 123.67 118.24 83.4 136.88 90.74 100.68 85.68 60.77 108.57 136.3 53.72 38.12 95.21 51.99 40 95.69 126.39 12.45 29.48 74.73 53.53 69.04 84.37 100.79 142.82 15.36 70.89 81.8 116.58 49.5 29.37 92.7 75.89 59.6 45.97 99.53 28.9 53.66 123.6 37.93 24.73 62.53 121.39 104.66 66.06 110.47 54.06 48.11 81.49 126.44 70.61 136.55 125.22 46.82 78.76 42.32 69.71 134.3 32.69 63.7 142.32 96.31 49.67 110.45 51.38 56.67 99.49 131.58 101.02 101.96 88.45 59.81 89.78 72.79 105.12 101.64 55.01 89.34 119.48 47.27 119.3 64.34 79.12 86.75 29.76 114.4 136.09 61.1 25.96 54.56 137.05 82.82 
85.93 121.59 110.05 127.1 148.74 10.44 153.49 32.44 125.64 100.14 133.69 66.45 107.1 0 45.17 113.75 136.6 139.98 13.89 94.55 79.54 124.74 148.45 48.74 41.95 97.57 20.14 59.76 94.84 151.08 86.12 34.14 61.62 107.38 21.67 102.85 125.6 104.36 120.15 175.09 114.15 157.68 77.64 184.8 74.05 104.8 73.5 61.41 97.09 43.16 136.36 83.58 54.37 149.35 172.23 159.48 72.92 19.03 174.46 86.29 152.78 57.41 123.62 88.92 131.98 143.7 159.4 98.7 133.13 112.2 135.7 166.09 31.2 66.25 118.14 79.59 60.49 129.42 25.83 96.01 137.31 130.68 33.69 130.39 68.37 85.94 153.03 78.14 154.46 50.94 123.85 62.61 184.34 158.63 104.54 105.13 169.91 141.69 87.94 177.79 162.82 169.55 73.78 46.36 170.64 93.89 10.62 72.94 30.82 131.05 54.85 91.07 113.14 25.37 45.81 52.02 69.06 141.36 63.61 101.87 98.19 120.7 75.83 81.36 144.05 115.27 114.37 52 148.74 160.38 35.18 72.96 101.07 121.34 169.94 119.79 118.56 156.49 79.13 159.84 144.2 166.03 131.89 47.85 96.63 62.71 16.99 139.92 128.3 169.62 179.71 38.95 172.53 132.39 90.07 108.61 72.48 171.3 45.43 132.88 154.36 153.55 163.98 85.65 146.86 117.42 138.27 60.16 87.78 42.54 102.08 22.6 121.71 161.23 18.19 164.47 11.91 117.8 65.48 112.39 20.05 63.89 110.92 185.73 142.37 42.66 49.29 147.65 68.39 57.48 30.61 174.9 84.46 98.12 161.34 117.82 128.94 56.12 55.71 181.76 
92.22 148.38 139.19 155.94 142.53 49.22 180.66 77.6 90.01 67.9 128.31 85.83 128.59 45.17 0 120.58 154.23 168.5 53.89 83.87 110.98 135.01 137.56 23.17 64.01 136.88 27.29 32.31 108.23 155.01 70.95 15.54 45.58 101.45 45.12 120.33 157.96 131.24 134 186.42 85.86 155.01 34.72 187.09 113.86 80.47 99.96 17.61 130.71 74.78 148.84 50.53 98.74 173.26 177.82 168.18 108.28 63.31 173.26 60.96 138.17 86.26 121.39 110.59 104.95 163.78 141.26 62.22 99.62 75.98 126.41 178.98 70.71 97.1 149.07 40.25 102.04 150.16 58.54 95.42 140.68 130.62 77.72 114.94 71.6 85.9 126.83 73.18 168.35 76.43 117.78 23.91 180.02 147.59 142.06 94.26 166.51 124.68 129.81 170.8 178.89 155.51 81.46 87.34 161.63 121.21 34.65 115.54 15.17 107.51 49.24 51.62 98.37 30.28 89.43 87.42 41.77 112.88 75.53 109.54 79.77 155.38 89.81 62 120.1 139.31 125.42 55.1 157.61 165.81 44.61 50.69 61.38 140.21 179.04 109.82 93.22 176.88 99.33 153.91 141.33 187.71 139.01 32.15 127.23 97.83 38.6 165.47 144.59 188.28 167.44 24.17 188.9 112.37 127.46 143.7 62.4 154.39 58.04 102.36 133.38 171.31 165.85 119.87 147.38 84.43 161.28 98.9 45.65 87.5 104.87 24.19 124.79 185.24 63.12 143.58 38.92 98.72 109.58 111.07 61.13 61.99 89.35 184.79 148.26 39.75 13.9 159.68 33.94 65.27 53.62 177.1 100.23 70.28 137.85 154.88 153.62 74.34 10.75 189.91 
28.82 62.69 65.78 72.89 47.52 103.95 84.82 120.43 113.79 96.34 36.31 50.24 40.15 113.75 120.58 0 43.23 79.8 125.99 48.94 67.72 16.06 57.21 98.26 72.28 101.75 121.6 93.7 22.76 37.41 61.45 107.91 77.49 33.86 92.62 28.53 85.36 56.36 21.89 66.01 88.76 48.9 120.77 71.17 96.04 77.53 56.48 119.65 77.61 78.37 30.66 97.2 115.25 71.1 58.71 47.63 79.49 122.54 62.78 81.1 68.54 67.36 24.69 41.42 90.94 55.43 81.28 107.14 110.5 110.31 46.45 59.34 95.35 67.96 75.85 111.12 100.72 47.3 89.99 28.04 24.26 23.39 108.6 59.67 49.25 35.52 98.92 49.3 49.95 67.01 34.17 109.34 75.04 64.37 96.45 46 60.71 68.34 111.15 72.51 62.02 78.78 40.72 97.17 69.68 55.99 115.1 109.54 120.49 81.05 71.34 113.63 54.7 98.59 108.12 81.5 89.43 99.27 50.18 11.88 64.4 92.13 38.7 71.22 87.82 50.58 11.62 66.71 37.03 46.74 82.02 79.78 117.37 37.06 58.49 43.24 82.05 66.66 42.65 55.56 38.06 78.31 18.6 88.53 66.81 79.04 127.96 69.52 33.65 73.93 83.13 96.97 71.7 72.2 90.22 87.77 61.22 86.51 69.03 101.3 85.42 57.47 50.75 77.05 35.54 102.57 60.18 89.95 121.16 117.64 17.13 108.87 11.82 80.89 112.49 91.49 104.33 65.88 116.94 21.41 101.46 58.6 71.26 73.43 28.7 81.83 108.58 40.22 101.34 57.88 83.14 61.37 33.09 85.58 96.35 101.08 59.56 58.29 126.65 69.6 
64.56 34.28 45.27 41.74 77.46 126.17 43.74 133.14 157.02 139.05 72.44 70.8 30.53 136.6 154.23 43.23 0 42.96 146.46 91.67 66.49 28.31 91.36 133.67 95.56 88.11 149.14 131.38 46.18 47.23 103.35 139.91 115.25 77.05 118.01 34.29 56.63 41.57 22.18 42.9 132 69.63 160.12 70.36 92.95 120.7 64.67 156.51 64.15 94.63 17.61 138.42 119.94 28.81 53.2 36.9 78.95 140.01 73.28 122.98 103.89 80.53 63.94 47.84 133.48 12.26 117.2 149.46 153.57 153.32 83.91 32.57 110.78 74.93 50.24 151.29 103.22 12.23 110.83 70.03 46.6 57.06 120.9 100.5 84.01 75.26 139.35 88.82 21.05 85.66 74.42 147.05 88.19 95.3 79.25 89.24 77.26 107.43 102.34 92.14 26.33 109.27 73.4 105.86 94.44 49.23 140.86 106.83 150.91 123.22 106.51 155.01 97.67 127.93 116.02 91.3 128.81 141.35 78.78 49.35 107.41 66.72 64.49 112.54 128.66 28.41 32.85 99.21 31.23 46.58 111.19 119.85 159.51 15.38 43.01 85.11 125.15 23.87 57.56 80.28 66.36 35.5 35.39 123.51 55.03 84 152.8 30.63 10.12 34.06 109.12 130.06 35.93 113.65 79.84 68.03 100.5 119.01 97.25 144.15 123.73 17.18 58.74 70.06 56.59 145.79 20.16 93.76 161.8 126.7 59.38 138.01 49.69 37.73 129.81 128 129.75 108.72 117.51 64.22 119.89 94.54 114.47 79.58 39.13 114.48 143.85 21.31 140.33 88.96 107.62 63.96 54.21 128.37 134.67 78.15 25.64 82.11 161.84 54.37 
91.15 20.61 29.96 12.89 119.87 129.95 14.27 126.49 190.12 168.99 113.39 83.42 44.53 139.98 168.5 79.8 42.96 0 146.48 123.39 60.47 68.16 133.19 151.44 104.72 61.83 156.55 152.29 71.36 90.13 132.55 153.1 137.36 112.42 125.99 56.97 21.09 37.28 58.44 75.94 165.53 112.59 182.2 109.96 76.67 153.31 68.67 174.93 45.55 97.24 60.41 164.68 106.9 20.97 92.97 77.5 69 137.49 115.41 151.22 145.53 83.6 103.46 59.54 170.13 34.11 158.77 177.93 188.43 184.2 124.6 66.35 109.72 73.82 23.12 175.1 90.57 33.47 115.14 101.83 88.95 98.13 115.29 139.42 106.13 103.68 178.67 115.48 58.47 92.51 113.6 167.14 130.31 137.79 51.08 123.74 120.01 147.57 78.46 134.95 54.18 151.92 95.53 98.92 137.4 47.34 146.95 88.35 161.49 160.6 126.24 181.06 133.58 139.07 106.7 88.37 152.34 178.8 96.19 81.14 139.45 32.25 83.41 140.17 167.6 32.08 68.18 116.9 73.76 88.42 123.91 144.94 187.22 42.77 80.54 123.02 160.15 36.54 70.67 123.2 108.78 37.7 77.22 141.49 43.41 78.14 156.97 12.63 48.7 49.27 152.08 145.28 58.29 151.99 59.09 40.17 125.78 161.43 110.91 179.95 164.37 44.69 101.07 56.37 99.43 178.58 22.94 84.32 186.11 117.16 92.66 148.05 89.04 27.67 128.19 169.43 136.49 144.85 100.72 101.04 120.56 116.45 148.83 120.58 82.03 130.58 160.8 63.12 162.67 106.73 116.03 105 73.68 158.9 175.36 43.91 20.24 94.53 177.72 89.77 
98.65 128.99 116.81 133.66 162.16 22.18 160.32 27.27 138.2 113.04 147.11 77.47 116.43 13.89 53.89 125.99 146.46 146.48 0 108.4 86.21 136.3 162.17 61.22 53.73 99.32 26.65 72.55 106.28 163.4 100 45.46 75.34 120.98 35.13 113.27 130.73 112.07 131.08 185.99 127.57 170.75 87.89 197.15 76.11 118.45 82.28 71.09 102.21 51.88 147.36 96.2 51.88 157.32 184.16 170.97 77.94 11.48 187.29 99.75 166.63 66.14 136.84 98.62 145.56 152.85 173.3 110.92 146.06 124.57 149.36 176.74 36.89 73.73 124.02 90.98 61.62 138.57 36.32 109.31 149.8 143.64 33.54 144.27 81.73 99.31 166.72 91.88 164.99 61.19 137.37 73.79 197.47 172.33 107.34 118.96 183 155.58 87.76 191.17 172.78 183.36 86.57 48.98 184.19 101.71 20.77 72.4 38.75 144.82 68.74 102.57 127.03 38.81 45.24 58.19 82.11 154.86 76.11 114.15 112.05 124.79 87.62 95.12 157.83 123.7 125.91 65.69 160.29 172.41 48.96 86.49 112.59 131.11 181.29 133.54 132.21 165.42 89.51 173.19 157.36 174.49 143.89 61.25 103.12 68.36 16.9 147.47 138.58 178.88 193.42 51.84 182.34 146.26 93.3 112.72 86.37 185.18 58.55 146.17 168.24 163.19 176.49 90.81 159.64 130.34 146.65 63.68 98.43 38.9 114.98 34.21 134.38 169.04 18.45 178.35 25.77 131.68 63.07 125.61 26.67 77.64 124.72 198.49 154.46 56.53 60.39 158.63 80.51 70.68 43.19 187.31 95.68 111.47 175.16 120.64 136.93 67.84 63.77 193.2 
33.55 103.82 101.96 113.94 58.66 87.39 130.86 113.89 66.73 47.42 44.61 56.75 79.2 94.55 83.87 48.94 91.67 123.39 108.4 0 89.11 64.94 54.85 60.8 63.03 126.08 94.34 52.46 52.3 75.26 14.04 75.22 38.47 18.73 73.65 66.47 123.44 91.67 69.59 111.66 42.28 71.56 75.12 105.01 111.65 29.92 73.65 77.85 106.28 76.89 79.43 49.49 119.11 118.34 98.16 91.94 96.57 109.51 89.99 32.79 58.24 73.98 39.38 68.98 50.65 103.65 65.38 58.26 65.67 61.73 42.88 106.57 90.11 81.32 113.24 64.56 109.64 93.65 78.62 21.86 61.56 49.46 104.58 36.08 31.58 21.06 66.56 17.6 98.27 66.76 34.1 66.77 96.16 65.07 124.6 10.79 82.79 47.63 129.69 87.08 110.65 75.13 35.91 99.88 78.36 86.15 91.39 122.3 88.9 44.11 40.1 65.47 19.28 71.87 109.51 87.03 45.25 60.52 44.41 42.95 16.08 127.14 47.43 24.38 55.64 91.57 58.84 43.22 82.5 86.64 59.49 35.06 68.56 82.68 102.45 26.28 38.34 115.38 61.35 70.05 58.09 127.04 64.11 53.39 96.97 90.7 103.94 114.92 81.72 122.82 85.82 63.94 120.13 40.9 113.73 119.23 22.74 76.84 52.88 58.39 62.07 106.4 84.13 100.64 65.6 55.19 106.7 99.85 73.77 116 32.29 80.79 47.33 128.87 101.23 71.67 82.88 27.45 125.1 31.14 90.79 31.21 26.8 101.46 70.86 52.79 70.23 88.15 57.06 42.05 68.18 95.22 53.33 36.71 70.83 133.15 103.67 55 87.05 111.82 
57.09 42.95 30.63 47.6 115.04 69.59 74.15 68.26 151.35 126.64 102.5 33.64 36.73 79.54 110.98 67.72 66.49 60.47 86.21 89.11 0 68.76 123.05 96.9 47.34 37.04 96.59 100.43 45.82 99.61 92.77 95.44 87.89 87.17 66.79 41.37 47.09 26.72 59.27 109.19 129.28 115.96 129.87 130.87 28.66 116.55 15.56 119.86 20.17 37.22 73.93 117.72 53.45 71.64 114.82 99.06 12.74 77.7 127.42 107.92 132.99 24.74 90.17 26.32 139.76 69.8 144.57 132.93 152.98 142.23 110.82 98.98 49.35 13.92 38.81 124.79 36.81 56.13 55.07 72.57 89.84 91.07 56.36 117.94 61.29 68.37 154.5 74.78 87.22 34.94 97.08 113.73 141.03 131.23 36.14 94.47 127.22 128.84 43.62 139.91 91.99 145.38 53.53 40.38 137.4 17.33 86.81 42.57 102.42 132.76 75.43 132.88 105.59 80.82 49.91 28.02 103.13 149.62 48.03 59.87 103.3 44.81 41.71 97.16 143.21 39.63 60.36 65.16 89.72 104.87 67.34 98.15 140.73 51.9 107.62 101.37 127.15 81.41 28.51 123.25 105.78 89.39 79.37 87.71 17.09 18.42 96.54 61.45 61.47 95.51 150.68 89.18 100.66 127.43 24.69 33.79 81.47 152 56.24 146.96 145.76 81.48 113.57 11.59 101.98 140.01 61.76 27.32 135.8 60.67 69.04 89.05 79.48 83.13 68.08 153.69 76.63 115.85 51.82 81.73 60.1 69.37 115.74 136.74 89.43 76.04 105.21 83.99 111.55 56.64 57.42 122.35 38.27 118.22 156.03 46.75 51.51 41.32 120.88 119.55 
42.79 53.48 59.53 63.19 52.69 114.62 71.39 127.98 129.2 112.3 45.23 58.95 35.01 124.74 135.01 16.06 28.31 68.16 136.3 64.94 68.76 0 65.2 113.07 82.81 99.33 134.2 109.08 30.02 30.84 77.51 121.79 92.83 49.19 104.24 27.44 76.92 51.49 10.93 51.54 104.18 48.94 136.56 63.06 97.4 93.22 60.55 134.91 74.52 86.46 14.62 113.23 119.85 56.93 48.32 34.73 81.31 131.79 58.71 97.16 77.43 73.93 35.83 43.38 105.18 40.55 90.64 123.17 125.42 126.14 56.49 44.05 103.5 72.16 68.25 127.03 104.25 34.73 99.98 44.06 22.7 29.99 115.85 72.34 63.41 51.08 111.36 64.92 34.09 75.66 46.25 124.78 72.61 70.55 92.58 61.48 59.27 79.71 110.72 72.96 46 84.94 53.9 102.91 72.61 54.12 127.07 111.33 133.97 94.92 85.91 129.67 69.51 111.58 113.77 87.27 105.17 113.05 62.09 25.55 80.26 85.1 48.94 87.23 100.55 42.46 10.39 80.38 24 37.15 94.79 95.63 133.41 26.23 45.27 56.8 97.05 51.09 48.46 58.04 41.82 62.68 10.96 103.18 63.82 82.9 139.73 56.88 19.73 57.89 86.97 111.11 55.74 85.4 88.72 82.72 76.85 93.89 81.27 115.9 96.33 41.55 44.82 76.35 34.74 118.09 46.89 93.71 137.14 123.85 33.15 121.88 21.45 65.98 121.57 101.28 116.09 80.49 120.07 36.11 110.78 73.28 86.55 68.03 20.68 95.72 123.4 24.74 117.03 70.91 94.31 54.01 40.74 101.53 107.32 95.17 48.32 68.63 141.51 57.02 
69.82 118.4 122.8 128.29 15.46 140.55 135.06 164.41 88.17 84.3 20.91 97.99 97.19 148.45 137.56 57.21 91.36 133.19 162.17 54.85 123.05 65.2 0 114.86 112.74 158.41 149.18 105.39 77.32 49.73 66.69 129.91 92.9 41.55 127.07 85.73 141.65 113.54 75.61 87.79 67.27 30.64 122.49 64.54 150.33 63.25 109.82 129.17 134.64 123.99 73.91 95.14 165.02 119.87 66.24 69.66 133.84 162.14 46.23 79.32 12.63 116.68 33.02 97.29 57 102.84 25.92 96.45 79.7 92.07 13.1 87.91 139.47 120.42 132.5 111.19 152.51 99.73 129.92 55.18 44.86 35.3 153.86 24.89 81.22 64.16 52.77 70.33 85.45 112.62 26.67 118.05 46.16 10.23 153.56 44.06 36.43 22 166.63 34.52 97.61 22.61 79.7 145.87 24.28 112.92 145.98 163.1 143.59 46.28 94.76 107.72 39.41 126.57 156.44 131.04 96.72 60.67 90.59 63.2 58.49 149.05 85.85 75.68 44.46 106.82 67.79 96.47 65.61 58.88 113.29 87.07 106.4 91.34 76.84 28.75 57.12 110.19 95.46 21.86 25.68 120.57 56.09 108.07 123.89 131.29 158.64 121.52 84.49 111.19 31.26 118.7 104.41 35.28 146.59 144.98 77.58 29.3 104.51 68.72 34.22 98.96 48.91 133.21 37.13 80.12 111.22 141.85 117.75 164.52 54.65 135.63 45.81 126.85 153.15 36.78 137.03 42.59 168.77 41.72 142.25 84.58 53.04 55.93 53.69 107.47 123.7 75.98 107.45 92.55 120.26 56.97 85.3 75.22 44.62 158.25 113.51 101.33 139.42 81.21 
70.35 130.97 123 139.24 119.44 47.78 162.86 79.07 77 51.96 105.17 68.02 109.67 48.74 23.17 98.26 133.67 151.44 61.22 60.8 96.9 113.07 114.86 0 49.88 126.9 38.65 11.64 87.49 132.09 48.16 16.99 22.41 78.28 37.74 100.37 142.93 114.29 112.81 164.25 67.71 131.83 33.78 163.99 105.1 60.36 84.08 23.49 117.05 63.63 127.17 34.98 95.99 154.34 154.96 145.72 96.57 67.65 150.08 40.75 116.03 72.47 98.24 92.31 86.43 143.78 119.92 49.97 84.94 63.47 103.48 157.12 64.92 83.49 133.5 32.11 95.4 130.55 50.92 72.5 117.77 107.52 75.55 92.78 49.92 63.18 108.15 50.18 146.77 62.04 94.64 17.2 156.91 124.95 130.56 71.28 143.36 102.94 122.45 147.82 157.69 133.37 60.3 81.07 138.81 104.76 40.54 109.49 29.82 87.53 27.27 43.11 75.92 24.37 85.89 77.09 21.69 95.17 55.96 87.52 57.76 141.71 69.95 39.77 100.42 121.02 103.77 34.94 135.25 142.98 30.09 28.85 52.95 120.22 156.58 86.87 73.76 156.8 81 130.84 118.16 167.91 116.54 10.19 112.09 86.56 50.23 147.26 123.82 167.63 145.06 10.27 167.69 91.28 116.3 130.54 39.23 132.84 40.96 85.7 112.79 150.59 142.76 106.95 124.28 69.24 142.23 90.02 41.89 86.81 82.2 27.13 101.95 166.22 63.86 123.04 38.11 77.2 105.91 87.99 57.98 39.79 68.4 161.62 125.56 21.02 10.32 137.81 19.82 45.34 42.47 154.01 80.42 51.58 118.15 142.75 135.29 57.11 28.44 167.28 
45.53 84.88 75.22 92.06 110.65 31.83 117.24 51.69 113.27 87.11 95.74 24.81 67.09 41.95 64.01 72.28 95.56 104.72 53.73 63.03 47.34 82.81 112.74 49.88 0 77.58 53.73 54.77 52.89 109.69 59.76 48.5 45.06 71.24 22.48 61.43 94.06 67.58 78.31 133.21 94.86 117.96 83.35 143.45 56.97 82.98 36.05 72.58 67.39 15.68 94.47 74.95 56.75 110.99 130.47 117.54 46.84 50.72 134.01 69.08 119.11 22.67 84.68 48.68 109.54 103.52 127.79 90.92 117.47 102.11 99.66 124.33 27.14 33.7 85.08 79.4 50.15 89.36 17.87 57.92 96.2 90.69 41.65 98.53 31.99 48.58 128.27 45.43 112.78 12.46 86.69 66.94 144.75 122.62 80.74 72.35 130.22 110.19 75.08 139.33 121.58 134.88 33.82 38.02 133.24 57.38 45.3 64.06 57.02 105.5 32.67 88.61 82.28 34.36 46.83 28.78 59.36 119.57 22.91 60.46 72.22 92.11 33.94 59.91 117.86 76.67 72.43 23.16 106.81 118.7 20.02 56.95 97.35 80.52 127.99 85.1 95.87 116.52 38.07 121.31 104.85 126.66 90.17 41.23 63.26 37.13 57.45 102.48 86.87 129.12 143.73 41.84 131.41 103.79 66.61 80.77 45.59 138.37 11.79 113.88 125.09 112.68 122.88 57.09 106.33 102.76 99.34 42.43 90.17 52.98 62.1 43.63 80.97 123 41.02 134.63 34.19 89.77 64.06 73.57 29.92 33.13 85.77 145.09 100.74 29.47 57.9 105.76 66.02 20.99 12.07 133.64 42.56 80.83 133.73 92.87 90.87 14.18 73.67 139.81 
94.07 55.04 42.85 52.17 149.21 89.53 75.61 74.29 187.24 161.98 137.6 69.93 64.37 97.57 136.88 101.75 88.11 61.83 99.32 126.08 37.04 99.33 158.41 126.9 77.58 0 117.16 132.35 81.28 129.35 129.17 121.78 121.58 123.95 91.87 73.53 40.99 48.27 88.7 129.96 165.78 148.12 160.63 157.7 23.53 153.09 52.43 148.55 24.85 63.28 100.53 151.7 50.61 80.58 140.77 124.43 31.15 88.47 157.31 143.31 168.88 56.28 125.4 61.23 176.71 86.39 180.8 167.37 189.42 177.47 146.59 119.57 67.02 46.24 40.69 156.98 37.7 75.97 78.35 109.47 121.72 125.04 65.78 154.7 97.47 105.4 191.52 111.34 108.85 66.51 133.02 144.09 171.66 166.06 10.83 131.49 158.59 165.44 16.76 172.2 109.66 180.41 90.35 51.21 170.91 45.82 107.03 29.38 125.64 169.79 108.95 166.02 142.61 106.96 54.38 49.91 136.47 186.61 83.93 95.41 140.03 30.84 78.73 132.84 180.22 60.13 92.68 98.69 116.68 132.46 96.83 132.66 174.47 76.74 131.13 138 164 94.59 65.44 156.47 139.28 98.72 110.29 118.74 35.52 40.46 113.57 69.64 86.76 108.68 184.73 117.92 116.33 164.42 12.36 21.87 117.18 187.61 88.39 183.7 182.45 98.88 142.88 25.72 133.91 176.05 75.26 38.05 167.74 63.06 105.31 113.13 113.54 89.37 81.37 190.16 98.87 152.89 41.78 117.73 77.82 104.68 152.63 165.47 119.33 107.01 133.84 108.66 143.6 91.43 84.68 150.26 74.91 154.08 192.83 22.48 65.06 75.7 147.43 142.32 
92.88 137.43 126.62 143.7 151.53 27.78 169.67 51.64 114.3 90.2 136.65 78.36 120.8 20.14 27.29 121.6 149.14 156.55 26.65 94.34 96.59 134.2 149.18 38.65 53.73 117.16 0 50.29 105.05 158.23 83.61 21.68 57.32 109.61 31.28 114.89 143.36 120.06 131 185.48 106.37 162.1 61.66 191.56 93.66 98.7 88.55 44.69 115.06 59.4 146.86 72.86 74.43 164.36 180.27 168.68 91.24 36.61 179.67 79.22 151.89 73 127.78 102.39 125.05 157.25 156.96 86.61 122.97 100.41 136.97 177.03 50.24 82.86 135.39 65.68 80.42 143.08 41.52 100.28 144.06 135.89 53.83 128.83 73.23 90.13 146.72 79.84 165.7 64.86 126.35 48.49 188.29 159.4 123.71 105.13 174.14 139.58 107.98 180.52 174.98 169.08 80.88 66.08 172.43 109.63 10.14 93.04 12.13 125.77 54.64 77.29 111.58 23.32 65.95 70.04 60.33 133.83 72.11 109.84 94.63 139.15 85.75 76.79 138.73 130.04 123.98 55.59 157.91 168.25 39.58 66.68 87.26 134.2 179.39 120.51 112.25 170.25 91.78 162.88 148.39 180.33 140.15 42 113.58 80.81 11.88 155.46 140.22 182.82 180.12 31.32 184.88 128.77 109.14 127.12 71.6 169.53 52.93 124.25 150.55 166.29 170.4 103.72 152.53 107.36 152.87 79.39 72.39 62.33 107.97 13.56 128.12 176.35 38.19 160.79 20.08 114.38 85.57 116.74 39.34 66.16 106.22 191.14 150.24 42.04 35.34 158.09 56.46 63.73 41.68 181.55 95.41 90.23 156.4 136.92 144.08 67.05 37.14 190.91 
67.01 131.7 124.75 140.46 110.93 57.88 163.04 89.22 65.9 40.49 97.06 69.45 109.3 59.76 32.31 93.7 131.38 152.29 72.55 52.46 100.43 109.08 105.39 11.64 54.77 132.35 50.29 0 85.46 125.9 39.03 28.61 16.26 70.66 46.6 99.06 145.31 115.55 109.91 159.59 56.08 124 29.93 157 111.38 49.01 86.62 26.06 120.57 69.62 123.47 23.87 104.75 153.61 148.89 140.6 101.5 78.51 142.4 29.35 105.86 76.7 91.08 92.76 74.84 142.03 109.17 39.45 73.51 52.62 94.48 152.99 73.19 87.55 135.59 24.63 102.74 129.31 58.98 66.74 111.7 100.74 84.79 82.63 47.53 58.18 96.59 44.51 143.1 66.22 86.56 15.72 148.46 115.38 135.18 62.53 135.23 92.44 129.16 138.89 154.47 123.2 58.34 88.8 129.54 106.53 51.99 116.89 41.12 76.2 26.05 34.34 66.11 34.76 94.53 83.12 10.1 83.54 56.1 83.65 47.46 144.98 69.31 29.73 89.03 121.11 100.3 35.74 130.35 137.02 36.32 18.39 43.72 118.66 151.42 77.98 62.29 154.91 81.64 122.27 110.46 166.24 111.54 14.1 114.7 91.9 61.87 147.2 121.36 165.04 135.14 20.82 164.42 80.37 121.25 134.22 32.75 122.22 44.32 74.07 101.69 148 135.9 111.03 117.33 57.79 141.44 96.48 35.47 96.3 77.03 38.64 96.17 165.31 74.07 111.93 48.7 66.53 114.24 81.37 67.31 36.92 57.39 153.89 120.02 25.46 18.41 133.76 11.25 45.62 49.45 147.1 79.6 39.96 106.79 146.92 135.2 59.42 34.6 161.73 
19.94 51.54 50.3 61.64 69.37 84.66 79.85 98.61 118.92 97.7 56.69 28.97 26.94 94.84 108.23 22.76 46.18 71.36 106.28 52.3 45.82 30.02 77.32 87.49 52.89 81.28 105.05 85.46 0 58.71 61.24 94.19 69.47 44.29 74.61 14.49 71.54 40.06 26.04 80.52 94.58 71.66 114.6 92.14 73.7 82.17 33.77 110.37 58.21 56.75 41.83 94.45 92.52 68.81 78.15 64.7 57.13 101.84 85.18 80.19 87.59 44.95 44.37 20.06 100.99 56.57 99.58 106.96 117.83 112.85 65.31 71.99 73.82 45.2 61.41 106.28 77.97 44.12 69.97 31.38 46.6 45.64 86.6 74.44 37.95 32.33 112.72 44.64 60.76 45.75 51.74 101.06 97.74 85.41 77.21 54.09 83.45 84.69 89.43 95.2 70.74 99.58 27.24 74.61 91.94 36.59 97.54 87.03 105.7 92.42 60.34 111.03 64.75 82.92 85.56 58.91 83.55 110.28 33.21 14.14 68.28 76.25 19.3 69.24 101.36 39.36 19.64 53.14 54.01 66.65 66.07 75.15 116.53 33.28 75.1 57.5 89.94 69.48 19.9 78.04 60.52 80.78 38.35 77.33 47.79 56.28 110.06 63.78 36.39 80.17 104.98 84.07 80.75 85.37 69.33 69.85 55.69 106.41 52.25 109.98 101.84 63.15 72.51 55.91 58.22 107.35 56.71 67.19 117.04 95.25 24.51 93.17 34.14 80.24 91.65 109.13 86.49 75.84 94.21 36.51 80.81 48.54 78.42 95.53 49.07 68.48 97.67 53.08 94.78 43.01 64.53 82.65 10.85 87.54 112.47 83.66 52.1 38.73 115.68 86.95 
65.48 79.78 88.12 88.38 34.35 141.34 89.13 157.29 130.64 119.27 36.72 87.29 65.08 151.08 155.01 37.41 47.23 90.13 163.4 75.26 99.61 30.84 49.73 132.09 109.69 129.35 158.23 125.9 58.71 0 89.25 143.32 110.21 56.59 129.83 58.28 103.03 81.12 40.82 39.32 106.62 22.85 150.37 33.76 128.23 98.14 91.01 151.9 104.5 115.34 30.35 124.52 150.37 73.68 23 20.1 112.15 159.89 28.01 107.65 62.17 103.59 36.16 74.11 102.01 56.94 75.15 131.18 124.28 130.89 47.11 38.24 132.39 102.66 95.49 139.81 134.97 58.2 127.4 59.6 14.34 25.91 145.31 66.77 85.13 69.2 101.97 81.92 36.35 104.12 44.42 141.07 42.36 50.88 121.99 67.73 30.19 69.85 141.3 44.94 48.07 63.88 77.62 133.04 47.6 84.7 152.12 142.17 156.32 90.99 106.12 139.99 71.55 135.03 143.96 117.34 119.96 107.79 87.47 49.25 87.6 112.38 76.04 99.6 92.64 70.46 39.98 102.81 16.95 11.44 118.74 109.83 141.65 53.37 28.76 56.35 97.62 62.01 78.24 34.01 24.55 71.66 20.56 122.89 93.97 113.51 165.03 77.66 43.93 61.61 62.25 132.1 54.69 80.06 119.12 111.58 93.27 74.31 106.11 113.68 83.92 50.66 14.01 107 12.81 120.68 67.21 124.37 148.78 153.83 50.48 145.24 30.32 78.96 149.8 85.97 141.46 80.57 150.86 44.61 138.8 93.47 89.3 37.23 10.18 117.49 142.25 27.93 131.93 94.62 120.48 24.01 69.52 108.66 94.33 123.21 72.38 95.69 160.03 36.71 
41.4 112.47 109.17 122.36 71.94 80.03 140.94 108.48 58.98 36.46 58.28 59.27 88.03 86.12 70.95 61.45 103.35 132.55 100 14.04 92.77 77.51 66.69 48.16 59.76 129.17 83.61 39.03 61.24 89.25 0 63.51 26.45 32.76 66.28 75.72 130.72 98.98 81.17 125.3 36.62 85.32 61.11 119 112.69 24.01 77.23 64.04 111.21 74.81 92.11 35.9 116.51 129.11 112.18 105.67 98.66 102.37 103.78 19.68 68.34 74.57 53.42 75.63 49.8 115.09 73.59 46.16 60.25 51.69 55.49 119.92 86.05 83.26 120.51 50.65 108.83 104.28 73.36 33.5 75.46 63.49 100.22 45.22 31.74 28.94 68.83 18.1 111.24 65.98 47.85 52.92 109.46 76.8 128.84 23.53 96.35 56.04 131 99.89 123.45 85.61 39.64 97.69 90.69 92.33 81.75 122.16 77.14 46.14 31.43 52.2 28.02 62.09 106.54 86.34 31.33 59.85 45.34 54.04 12.58 133.38 52.25 10.35 58.86 100.48 70.57 37.48 96.06 100.62 51.98 21.18 56.16 93.25 116.25 38.96 36.19 127.19 66.57 83.26 71.95 138.85 77.49 41.79 102.66 91.56 93.87 124.89 93.28 135.31 97.03 52.53 133.07 46.29 116.94 124.59 14.41 85.96 48.47 54.98 68.26 118.67 98.16 104.35 79.63 47.48 117.23 99.74 60.1 111.93 44.39 70.23 60.92 140.01 94.88 78.35 74.24 31.72 123.55 44.93 85.06 26.66 26.1 115.22 84.63 43.49 57.14 101.25 43.06 39.75 62.51 109.23 60.05 26.46 75.63 138.38 113.31 54.75 73.52 125.76 
