0.0 39.46 85.06 106.82 91.64 81.32 54.04 159.94 18.84 87.86 49.36 86.82 100.86 147.06 66.8 105.94 99.22 61.1 92.96 82.38 90.4 27.8 148.18 125.24 62.9 49.88 84.1 66.62 107.16 153.48 105.86 116.82 79.38 99.46 43.7 95.5 127.34 88.26 128.02 115.2 107.66 259.96 117.04 92.06 81.56 104.6 37.88 88.48 176.94 142.04 18.62 97.24 49.22 21.9 89.22 116.62 116.16 27.02 188.94 138.34 141.42 104.32 49.16 91.72 145.82 62.66 44.54 77.7 110.34 132.3 184.64 51.56 132.68 133.44 33.34 25.3 49.0 101.52 51.48 32.62 104.28 119.3 66.24 192.16 51.98 16.94 87.28 94.94 157.48 87.14 121.28 155.8 116.78 84.7 30.18 47.72 19.52 43.88 112.04 84.22 
39.46 0.0 114.08 97.74 89.54 86.78 50.02 163.1 33.82 68.72 83.44 60.34 85.56 126.86 106.26 86.52 88.7 91.92 74.9 121.84 57.94 28.22 109.16 126.34 50.44 89.34 65.4 106.08 113.0 116.6 107.28 135.84 45.76 87.14 8.68 134.96 118.62 55.3 124.22 91.38 139.56 257.86 87.5 53.7 42.44 102.5 77.12 103.52 164.54 147.88 58.08 60.5 79.42 53.36 69.04 77.16 76.7 66.48 215.18 153.62 111.66 68.74 88.62 95.32 124.68 101.02 68.0 114.98 70.88 114.44 224.1 91.02 172.14 134.02 23.06 64.76 41.44 132.36 90.94 72.08 65.64 81.46 105.7 198.5 77.54 56.4 126.74 78.02 169.9 80.76 121.7 195.26 115.96 64.44 69.64 61.96 55.74 53.48 92.02 123.68 
85.06 114.08 0.0 103.54 81.1 159.44 138.48 211.78 98.64 111.34 134.42 171.88 185.36 152.18 140.96 191.0 183.28 146.16 178.02 167.44 171.54 112.86 205.72 169.56 147.94 134.94 169.14 18.6 186.18 209.08 96.64 168.1 159.84 105.48 122.76 33.3 125.3 169.02 80.26 134.6 131.12 232.48 200.1 166.12 153.74 94.06 73.92 155.82 238.2 221.06 99.74 120.72 134.28 92.0 174.28 191.24 188.32 112.08 103.88 218.7 174.76 136.88 83.24 176.06 153.04 147.72 46.32 39.46 184.96 217.36 136.62 122.86 217.74 147.86 118.4 110.36 134.06 124.32 74.2 117.68 179.72 195.54 151.3 197.48 129.52 102.0 172.34 180.0 103.14 42.92 206.34 240.86 122.38 169.76 115.24 132.78 94.38 128.94 159.84 169.28 
106.82 97.74 103.54 0.0 22.52 181.48 146.0 126.5 101.22 47.2 156.18 158.08 170.48 93.6 155.88 180.22 186.44 99.26 172.64 128.92 141.84 125.96 153.96 75.8 148.18 154.78 160.46 96.04 161.5 150.5 43.84 115.3 136.82 10.6 104.64 136.84 21.76 138.92 79.86 71.2 72.54 190.84 185.24 146.48 110.58 35.48 135.36 118.54 159.96 165.22 125.44 37.82 94.28 126.02 166.78 129.16 159.18 133.84 148.16 146.44 71.22 166.48 149.2 163.46 49.5 130.94 82.3 134.2 161.62 212.18 214.06 94.54 239.5 91.66 120.8 132.12 59.24 34.62 144.82 139.44 155.72 98.42 140.52 154.2 70.94 101.98 194.1 175.76 157.38 65.66 152.3 251.64 19.46 162.18 137.0 154.54 125.54 70.6 189.76 127.4 
91.64 89.54 81.1 22.52 0.0 171.26 139.48 141.8 92.14 39.82 135.4 147.74 163.8 71.08 158.4 175.54 178.0 121.78 164.32 136.46 140.7 117.76 158.06 98.32 139.98 141.08 154.84 99.7 154.12 127.98 21.32 92.78 114.3 24.38 98.22 114.4 44.28 137.78 93.64 67.16 50.02 168.32 177.04 123.96 111.7 12.96 112.84 111.16 173.4 183.4 110.26 49.2 116.8 113.54 144.72 121.78 136.66 118.66 125.64 137.6 93.74 148.26 126.68 164.58 72.02 153.46 59.78 111.68 139.1 203.98 217.72 117.06 224.32 95.76 112.6 116.94 79.2 48.6 122.3 124.22 151.58 120.94 118.0 131.68 48.42 108.58 175.76 167.56 134.86 43.14 129.78 247.44 41.98 153.98 121.82 139.36 111.16 48.08 181.56 104.88 
81.32 86.78 159.44 181.48 171.26 0.0 37.1 188.06 84.44 155.3 130.68 80.9 68.14 213.6 147.1 86.62 37.5 142.42 58.3 149.34 102.5 62.08 171.32 175.22 49.9 33.92 64.6 142.48 110.38 201.8 183.26 176.38 132.54 172.44 83.94 158.08 203.24 83.48 106.92 177.98 188.98 339.58 105.8 140.48 124.94 174.9 119.2 122.82 193.52 143.74 82.46 147.28 130.54 72.44 148.34 163.94 125.82 108.34 205.32 174.18 195.02 23.0 84.02 173.04 211.46 143.98 125.86 137.14 157.66 201.22 260.5 93.86 166.2 132.04 64.32 106.62 125.0 182.84 132.8 113.94 116.38 153.3 147.56 111.72 128.16 98.26 136.54 107.44 214.46 167.54 155.56 237.12 187.46 72.82 111.5 129.04 70.06 125.2 99.04 148.88 
54.04 50.02 138.48 146.0 139.48 37.1 0.0 167.86 47.34 118.74 103.4 44.34 83.48 176.64 114.62 54.12 45.18 115.14 65.98 112.78 107.96 28.58 150.38 138.12 12.8 71.02 72.28 120.66 75.36 166.62 149.16 142.88 95.78 137.16 58.7 149.54 167.76 55.52 74.2 140.94 161.7 307.8 113.48 103.72 91.44 152.44 91.92 85.72 162.82 110.24 45.36 110.4 103.26 75.94 117.52 127.18 122.22 79.34 242.36 137.62 161.68 60.1 103.2 144.32 174.7 107.9 98.58 131.74 120.9 164.46 238.68 56.76 129.1 169.14 73.08 79.34 87.9 155.56 105.52 86.66 115.66 131.48 120.28 148.82 91.06 70.98 141.32 70.88 211.52 130.78 122.06 209.84 150.36 35.72 84.22 101.76 73.56 97.92 61.94 138.26 
159.94 163.1 211.78 126.5 141.8 188.06 167.86 0.0 141.9 103.1 206.28 123.52 163.8 162.68 193.8 153.02 166.36 196.34 146.3 103.4 133.2 177.7 229.56 156.52 155.06 197.74 175.04 222.54 94.32 257.46 134.86 63.4 207.3 137.1 159.66 245.08 148.26 218.4 206.36 130.44 191.82 310.12 216.24 216.8 181.1 143.22 197.82 174.44 239.8 129.2 178.56 112.48 191.24 175.12 196.7 185.06 227.3 185.8 170.72 216.8 197.72 202.96 209.1 128.22 176.0 222.6 196.1 236.84 233.98 108.88 174.46 161.84 279.26 187.7 140.04 185.24 142.48 93.34 211.42 176.04 119.32 207.96 226.18 77.12 123.6 143.8 232.2 150.06 226.46 171.52 260.04 293.46 145.96 203.58 190.12 207.66 177.5 157.98 204.2 244.16 
18.84 33.82 98.64 101.22 92.14 84.44 47.34 141.9 0.0 102.54 64.38 91.68 87.06 160.68 85.64 101.46 92.52 79.94 104.56 101.22 91.76 46.64 142.98 144.08 60.14 68.72 99.22 85.46 122.7 150.42 113.46 102.02 79.58 111.82 25.14 114.34 122.62 89.12 121.54 125.2 126.5 260.46 121.32 87.52 62.74 105.1 56.72 69.7 158.16 157.58 37.46 94.32 68.06 40.74 102.86 110.98 110.52 43.9 202.52 157.18 145.48 102.56 68.0 110.56 150.72 81.5 54.2 95.58 104.7 148.26 203.48 70.4 151.52 150.32 44.76 44.14 67.84 120.36 70.32 51.46 99.46 115.28 85.08 196.16 43.72 35.78 106.12 111.84 176.32 105.98 140.12 174.64 120.68 72.28 49.02 66.56 38.36 62.72 109.28 103.06 
87.86 68.72 111.34 47.2 39.82 155.3 118.74 103.1 102.54 0.0 136.88 129.06 154.28 59.58 154.66 155.24 157.42 99.74 143.62 115.42 126.66 96.94 177.88 62.3 119.16 137.74 134.12 129.94 114.3 167.8 38.56 110.02 114.48 57.8 77.4 144.64 68.96 124.02 127.06 27.34 89.84 208.14 138.32 122.42 111.16 46.92 125.74 71.34 207.16 149.18 106.48 9.38 137.08 107.3 137.76 81.96 145.42 114.88 159.6 177.42 118.16 137.46 137.02 164.04 96.7 126.74 99.6 133.74 139.6 183.16 247.96 139.42 220.54 135.58 91.02 113.16 39.38 81.82 139.34 120.48 134.36 145.62 154.1 171.5 88.24 104.8 175.14 146.74 123.36 68.42 163.74 243.66 66.66 133.16 118.04 130.68 107.38 54.88 160.74 144.7 
49.36 83.44 134.42 156.18 135.4 130.68 103.4 206.28 64.38 136.88 0.0 113.04 120.06 195.62 60.58 142.54 124.76 78.22 103.96 131.74 130.34 77.16 192.6 174.6 112.26 99.24 133.46 115.98 156.52 200.04 155.22 166.18 128.74 147.92 89.52 144.86 176.7 124.2 78.66 164.04 157.02 211.68 166.4 137.14 125.88 148.36 87.24 130.52 222.54 189.4 67.98 127.5 71.88 71.26 39.86 160.6 160.14 76.38 238.3 187.7 190.78 152.18 98.52 110.82 194.6 112.02 93.9 127.06 154.32 181.66 234.0 100.92 182.04 182.8 82.7 74.66 98.36 150.88 100.84 81.98 116.46 164.9 115.6 214.82 100.9 66.3 72.1 104.32 131.86 99.06 170.64 205.16 166.14 134.06 79.54 97.08 68.88 93.24 161.4 133.58 
86.82 60.34 171.88 158.08 147.74 80.9 44.34 123.52 91.68 129.06 113.04 0.0 40.28 170.72 70.28 29.5 43.4 147.92 22.78 155.96 118.28 59.44 106.04 182.46 31.54 74.22 51.52 153.44 94.1 176.94 167.62 172.42 83.78 147.48 69.02 182.32 178.96 99.86 118.54 151.72 194.48 316.06 92.72 114.04 100.18 160.7 124.7 104.46 165.66 108.22 89.7 120.84 136.04 108.72 73.18 137.5 137.04 113.84 273.38 93.28 168.5 79.44 120.72 153.06 185.02 149.48 125.98 164.52 131.22 174.78 271.46 101.1 155.74 168.34 83.4 93.76 101.06 188.34 138.3 104.46 125.98 138.78 153.06 192.62 135.4 73.2 108.68 26.54 230.24 141.1 152.92 222.86 176.3 80.06 105.56 122.3 106.34 113.82 80.68 171.04 
100.86 85.56 185.36 170.48 163.8 68.14 83.48 163.8 87.06 154.28 120.06 40.28 0.0 211.0 110.56 42.18 38.3 161.96 17.5 150.68 143.5 99.72 145.38 203.8 71.82 102.06 20.16 167.48 111.18 163.64 185.12 132.14 124.06 170.4 94.24 195.44 192.24 139.0 157.68 176.94 208.52 331.74 61.36 139.26 59.9 176.76 129.12 144.74 125.38 102.94 119.48 146.06 150.08 122.76 80.2 162.72 162.26 127.88 273.46 133.56 197.22 74.16 150.02 112.78 210.24 163.52 141.26 178.56 156.44 200.0 285.5 127.94 168.42 183.2 108.62 126.16 127.0 202.38 152.34 133.48 151.2 133.5 167.1 179.86 130.78 113.48 68.4 66.82 251.92 166.32 193.2 256.66 181.02 119.2 74.2 147.52 120.38 139.04 75.06 185.08 
147.06 126.86 152.18 93.6 71.08 213.6 176.64 162.68 160.68 59.58 195.62 170.72 211.0 0.0 211.24 200.22 214.12 159.32 193.5 65.38 157.38 155.08 161.7 118.5 177.3 196.94 192.26 154.64 173.88 199.06 92.4 163.86 86.94 95.46 135.54 185.48 115.36 182.16 164.72 86.92 121.1 239.4 197.9 180.56 169.3 84.04 183.92 130.92 244.48 208.76 165.68 68.96 153.22 166.56 195.9 141.54 189.28 174.08 196.72 208.68 164.82 195.6 196.22 222.18 143.1 186.32 130.86 182.76 197.74 241.3 272.66 123.82 279.74 166.84 149.92 172.36 98.96 119.68 187.82 177.06 171.26 192.02 187.1 202.76 119.5 164.0 234.34 197.26 63.78 114.22 200.86 302.86 113.06 191.3 177.24 187.16 166.58 114.46 218.88 175.96 
66.8 106.26 140.96 155.88 158.4 147.1 114.62 193.8 85.64 154.66 60.58 70.28 110.56 211.24 0.0 99.78 113.68 127.9 93.06 145.86 122.06 94.6 148.58 192.04 101.82 116.68 121.8 133.42 164.38 220.28 172.66 183.62 146.18 166.26 110.5 162.3 177.64 63.62 139.24 182.0 174.46 272.26 163.0 158.86 148.36 171.36 104.68 155.28 228.66 178.5 85.42 164.04 116.02 88.7 100.44 183.42 104.7 93.82 244.84 163.56 208.22 149.72 115.96 158.52 205.38 129.46 111.34 144.5 177.14 199.1 251.44 118.36 199.48 200.24 100.14 92.1 115.8 138.28 118.28 34.18 135.94 186.1 133.04 258.82 118.78 53.9 132.68 43.74 192.44 121.96 188.08 203.56 175.34 150.34 96.98 114.52 86.32 110.68 150.96 151.02 
105.94 86.52 191.0 180.22 175.54 86.62 54.12 153.02 101.46 155.24 142.54 29.5 42.18 200.22 99.78 0.0 49.12 167.04 52.28 144.2 144.46 82.7 135.54 192.24 43.2 103.72 22.02 172.56 105.76 165.5 183.46 147.84 113.28 169.62 95.2 201.44 201.98 109.64 128.32 177.9 213.6 343.86 63.22 140.22 102.08 188.5 130.98 116.12 167.56 83.04 99.48 147.02 155.16 127.84 102.68 163.68 151.22 132.96 291.94 122.78 198.0 108.94 150.22 154.96 196.6 162.02 150.48 183.64 157.4 190.78 290.58 85.76 126.24 197.84 109.58 123.26 127.96 207.46 157.42 133.96 152.16 167.98 172.18 198.34 145.18 102.7 110.58 56.04 256.42 164.82 168.66 252.36 182.88 89.84 76.06 148.48 125.46 140.0 92.34 190.16 
99.22 88.7 183.28 186.44 178.0 37.5 45.18 166.36 92.52 157.42 124.76 43.4 38.3 214.12 113.68 49.12 0.0 160.32 20.8 153.98 140.0 73.76 148.68 183.3 57.98 71.42 27.1 165.84 72.88 170.58 193.62 170.44 127.18 175.84 97.38 194.72 207.32 100.7 119.38 180.08 206.88 336.44 68.3 142.4 98.2 190.96 136.06 130.9 163.68 106.24 90.54 149.2 148.44 109.94 116.58 165.86 163.32 124.52 242.82 136.68 200.36 60.5 121.52 151.08 213.38 153.08 143.76 174.64 159.58 199.52 283.86 101.94 174.28 169.54 101.82 124.52 130.14 200.74 150.7 131.84 153.88 136.8 165.46 149.22 136.24 116.16 106.7 69.94 251.96 169.46 167.24 227.56 187.96 80.9 81.14 146.94 107.56 142.18 107.12 183.44 
61.1 91.92 146.16 99.26 121.78 142.42 115.14 196.34 79.94 99.74 78.22 147.92 161.96 159.32 127.9 167.04 160.32 0.0 154.04 143.48 149.86 88.9 201.08 162.04 124.0 110.98 145.2 127.72 168.26 208.52 138.3 177.92 137.68 109.86 100.6 156.6 121.02 147.22 156.88 127.08 168.76 289.9 178.14 145.62 134.36 134.74 98.98 149.58 238.04 203.14 79.72 109.12 110.32 83.0 118.08 169.08 168.62 88.12 247.42 199.44 170.48 160.66 110.26 152.82 148.76 123.76 105.64 138.8 94.44 193.4 245.74 112.66 170.82 190.92 94.44 86.4 110.1 133.88 112.58 93.72 157.56 173.38 127.34 253.26 113.08 78.04 141.82 156.04 210.08 148.24 182.38 216.9 118.72 145.8 91.28 108.82 80.62 104.98 173.14 145.32 
92.96 74.9 178.02 172.64 164.32 58.3 65.98 146.3 104.56 143.62 103.96 22.78 17.5 193.5 93.06 52.28 20.8 154.04 0.0 133.18 132.84 82.22 127.88 186.3 54.32 92.22 37.66 159.58 93.68 181.14 172.82 149.64 106.56 162.04 83.58 188.46 193.52 121.5 140.18 166.28 200.62 315.64 78.86 128.6 77.4 177.28 130.84 127.24 142.88 85.44 111.34 135.4 142.16 114.86 95.96 152.06 151.6 119.98 263.62 116.06 186.56 56.66 142.12 130.28 199.58 155.62 137.5 170.66 145.78 189.34 277.6 122.74 178.52 165.7 97.96 116.54 116.34 194.48 144.44 125.58 140.54 116.0 159.2 170.02 115.94 95.98 85.9 49.32 235.82 155.66 175.7 245.64 190.86 101.7 91.7 136.86 112.48 128.38 92.56 177.18 
82.38 121.84 167.44 128.92 136.46 149.34 112.78 103.4 101.22 115.42 131.74 155.96 150.68 65.38 145.86 144.2 153.98 143.48 133.18 0.0 130.4 110.18 227.08 53.12 125.58 132.26 166.22 149.0 188.14 235.86 153.98 166.8 152.32 139.52 126.08 177.88 137.52 168.3 186.98 88.08 186.48 304.78 199.42 174.44 163.94 149.42 120.26 170.86 237.0 218.62 101.0 124.62 87.84 104.28 171.6 197.38 123.9 109.4 262.1 220.72 200.14 172.34 131.54 174.1 178.42 145.04 126.92 160.08 192.72 212.28 267.02 58.44 215.06 184.9 115.72 107.68 131.38 163.54 133.86 111.68 116.52 201.68 148.62 180.52 134.36 99.32 169.66 177.32 129.16 169.52 203.66 238.18 109.46 148.5 112.56 121.88 101.9 126.26 174.72 166.6 
90.4 57.94 171.54 141.84 140.7 102.5 107.96 133.2 91.76 126.66 130.34 118.28 143.5 157.38 122.06 144.46 140.0 149.86 132.84 130.4 0.0 86.16 144.56 183.52 108.38 136.42 123.34 157.02 170.94 152.02 162.02 193.78 103.7 131.24 66.62 185.9 163.6 113.24 182.16 149.32 190.72 309.02 145.44 111.64 100.38 153.66 128.28 161.46 106.6 205.82 109.02 118.44 136.24 111.3 126.98 135.1 134.64 117.42 266.34 211.56 169.6 79.5 129.16 153.26 182.62 153.06 125.94 168.1 128.82 172.38 275.04 141.96 223.08 82.26 81.0 115.7 99.38 176.46 141.88 87.88 13.88 139.4 156.64 210.32 135.48 107.34 177.68 135.96 111.96 138.46 179.64 246.2 161.3 122.38 120.58 119.9 109.92 111.42 149.96 174.62 
27.8 28.22 112.86 125.96 117.76 62.08 28.58 177.7 46.64 96.94 77.16 59.44 99.72 155.08 94.6 82.7 73.76 88.9 82.22 110.18 86.16 0.0 137.38 153.04 41.38 77.68 93.62 94.42 103.94 144.82 133.66 114.3 73.98 115.36 36.9 123.3 146.84 83.52 102.78 119.6 135.46 286.08 115.72 81.92 62.86 130.72 65.68 114.3 191.4 138.82 46.42 88.72 77.02 49.7 97.26 105.38 104.92 54.82 216.74 152.72 139.88 85.08 76.96 115.74 151.48 90.46 72.34 105.5 99.1 142.66 212.44 79.36 157.68 161.24 51.28 53.1 69.66 129.32 79.28 60.42 93.86 109.68 94.04 173.8 79.78 44.74 115.08 85.98 185.28 108.98 93.48 183.6 125.48 64.3 57.98 75.52 47.32 71.68 90.52 112.02 
148.18 109.16 205.72 153.96 158.06 171.32 150.38 229.56 142.98 177.88 192.6 106.04 145.38 161.7 148.58 135.54 148.68 201.08 127.88 227.08 144.56 137.38 0.0 229.76 137.58 180.26 157.56 214.8 200.14 132.06 179.38 245.0 74.76 164.56 117.84 239.02 175.72 164.46 224.58 200.54 208.08 326.38 196.66 162.86 151.6 171.02 186.06 210.5 251.16 213.32 166.8 169.66 188.58 162.52 178.2 186.32 185.86 168.72 283.7 199.32 220.82 171.34 197.34 204.48 203.46 210.18 177.16 224.14 180.04 223.6 332.82 199.74 261.78 62.3 132.22 173.48 150.6 188.58 199.66 180.8 130.68 190.62 214.42 283.04 186.7 165.12 213.78 132.58 225.48 189.92 230.86 303.98 173.42 173.6 178.36 171.12 164.9 140.98 186.72 232.4 
125.24 126.34 169.56 75.8 98.32 175.22 138.12 156.52 144.08 62.3 174.6 182.46 203.8 118.5 192.04 192.24 183.3 162.04 186.3 53.12 183.52 153.04 229.76 0.0 150.92 159.44 191.74 171.84 176.6 226.3 100.86 172.32 172.1 86.4 135.02 202.86 84.4 181.64 155.66 34.96 148.34 266.64 200.62 180.04 168.78 109.22 163.12 133.64 235.76 202.1 143.86 71.5 140.96 147.14 195.38 144.26 177.02 152.26 221.9 222.24 147.02 195.08 174.4 216.96 125.3 187.9 158.1 196.04 197.22 240.78 289.86 111.56 257.92 167.46 149.4 150.54 101.68 110.42 176.72 157.86 169.64 174.22 191.48 230.0 146.74 142.18 212.52 204.36 182.28 130.72 226.04 281.04 56.34 173.84 155.42 172.96 144.76 117.18 200.06 201.9 
62.9 50.44 147.94 148.18 139.98 49.9 12.8 155.06 60.14 119.16 112.26 31.54 71.82 177.3 101.82 43.2 57.98 124.0 54.32 125.58 108.38 41.38 137.58 150.92 0.0 83.82 65.22 129.52 62.56 167.04 157.72 155.68 96.2 137.58 59.12 158.4 169.06 68.32 87.0 141.82 170.56 308.3 106.42 104.14 92.88 152.94 100.78 72.92 150.02 97.44 58.16 110.94 112.12 84.8 104.72 127.6 127.14 89.92 251.82 124.82 162.1 72.9 112.06 145.76 175.12 120.7 107.44 140.6 121.32 164.88 247.54 69.56 141.9 181.94 73.5 88.2 91.88 164.42 114.38 95.52 116.08 131.9 129.14 161.62 103.86 79.84 140.22 58.08 220.34 131.2 134.86 218.7 163.16 48.52 93.08 110.62 82.42 103.92 49.14 147.12 
49.88 89.34 134.94 154.78 141.08 33.92 71.02 197.74 68.72 137.74 99.24 74.22 102.06 196.94 116.68 103.72 71.42 110.98 92.22 132.26 136.42 77.68 180.26 159.44 83.82 0.0 98.52 116.5 144.3 203.36 155.74 166.7 112.34 149.34 93.58 145.38 175.88 117.4 140.84 165.08 157.54 309.4 139.72 141.94 131.44 154.04 87.76 138.36 226.82 177.66 68.5 147.12 99.1 71.78 139.1 166.5 159.74 76.9 238.82 167.5 191.3 56.92 99.04 141.6 195.7 112.54 94.42 127.58 160.22 182.18 234.52 101.44 182.56 165.96 83.22 75.18 98.88 151.4 101.36 82.5 150.3 169.18 116.12 145.64 101.86 66.82 137.16 100.76 207.36 137.02 171.16 205.68 166.66 106.74 80.06 97.6 69.4 93.76 132.96 134.1 
84.1 65.4 169.14 160.46 154.84 64.6 72.28 175.04 99.22 134.12 133.46 51.52 20.16 192.26 121.8 22.02 27.1 145.2 37.66 166.22 123.34 93.62 157.56 191.74 65.22 98.52 0.0 150.72 99.98 143.48 172.68 152.3 111.16 150.24 74.08 179.6 182.22 120.7 146.48 156.78 191.76 323.16 41.2 119.1 80.06 167.8 108.96 138.14 145.54 105.06 102.72 125.9 133.32 106.0 100.36 142.56 142.1 111.12 269.92 144.8 177.06 87.6 133.26 132.94 190.08 146.76 128.64 161.8 136.28 179.84 268.74 107.78 148.26 196.64 88.46 109.4 106.84 185.62 135.58 116.72 131.04 146.86 150.34 176.32 136.08 101.04 88.56 78.06 235.3 146.16 187.1 239.9 160.86 108.0 54.04 127.36 103.62 118.88 95.22 168.32 
66.62 106.08 18.6 96.04 99.7 142.48 120.66 222.54 85.46 129.94 115.98 153.44 167.48 154.64 133.42 172.56 165.84 127.72 159.58 149.0 157.02 94.42 214.8 171.84 129.52 116.5 150.72 0.0 173.78 220.1 115.24 183.44 146.0 106.64 110.32 51.9 117.8 154.88 98.86 153.2 149.72 251.08 183.66 148.16 148.18 112.66 92.52 155.1 243.56 208.66 85.24 133.86 115.84 88.52 155.84 183.24 182.78 93.64 122.48 204.96 167.26 155.48 101.84 158.34 145.54 129.28 64.92 58.06 176.96 198.92 118.02 118.18 199.3 166.46 99.96 91.92 115.62 130.66 92.8 99.24 170.9 185.92 132.86 216.08 118.6 83.56 153.9 161.56 90.86 61.52 187.9 222.42 115.5 151.32 96.8 114.34 86.14 110.5 178.44 150.84 
107.16 113.0 186.18 161.5 154.12 110.38 75.36 94.32 122.7 114.3 156.52 94.1 111.18 173.88 164.38 105.76 72.88 168.26 93.68 188.14 170.94 103.94 200.14 176.6 62.56 144.3 99.98 173.78 0.0 229.6 152.86 102.6 158.76 172.1 121.68 202.08 183.26 130.88 149.56 141.64 204.14 322.44 141.18 166.7 155.44 161.22 145.04 135.48 212.58 34.88 120.72 123.68 156.38 129.06 167.28 190.16 189.7 134.18 265.04 187.38 224.66 133.38 156.32 198.88 211.0 169.82 151.7 184.86 183.88 203.2 268.78 132.12 204.46 240.6 136.06 132.46 153.68 187.66 158.64 139.78 178.64 194.46 173.4 171.44 159.14 124.1 179.58 120.64 237.66 182.72 197.42 262.96 180.64 111.08 137.34 154.88 126.68 151.04 111.7 191.38 
153.48 116.6 209.08 150.5 127.98 201.8 166.62 257.46 150.42 167.8 200.04 176.94 163.64 199.06 220.28 165.5 170.58 208.52 181.14 235.86 152.02 144.82 132.06 226.3 167.04 203.36 143.48 220.1 229.6 0.0 149.3 220.76 162.36 152.36 125.28 242.38 172.26 171.9 221.62 195.14 178.0 296.3 184.68 170.3 159.04 140.94 191.36 220.12 258.62 248.54 172.1 177.1 196.02 169.96 185.64 193.76 193.3 176.18 253.62 265.58 221.72 178.8 202.64 211.92 200.0 216.14 184.6 231.18 187.48 231.04 338.12 205.04 286.16 69.76 139.66 176.48 158.04 176.58 204.96 186.1 138.14 198.06 219.72 259.66 176.4 170.42 232.04 194.62 262.84 171.12 238.3 309.28 169.96 140.32 183.66 178.56 172.34 170.08 208.62 216.98 
105.86 107.28 96.64 43.84 21.32 183.26 149.16 134.86 113.46 38.56 155.22 167.62 185.12 92.4 172.66 183.46 193.62 138.3 172.82 153.98 162.02 133.66 179.38 100.86 157.72 155.74 172.68 115.24 152.86 149.3 0.0 71.46 135.62 45.7 115.96 129.94 65.6 159.1 114.96 65.9 71.34 189.64 176.88 145.28 133.02 8.36 134.16 109.9 194.72 162.08 103.8 47.94 138.12 127.76 166.04 120.52 157.98 132.88 121.04 154.82 79.6 169.58 148.0 185.9 93.34 165.3 81.1 133.0 153.84 221.72 233.26 138.38 238.54 117.08 118.94 130.1 77.94 69.92 143.62 138.48 172.9 142.26 134.74 153.0 69.74 122.8 193.14 185.3 156.18 64.46 125.18 261.66 63.3 162.08 136.04 153.58 125.38 69.4 199.3 126.2 
116.82 135.84 168.1 115.3 92.78 176.38 142.88 63.4 102.02 110.02 166.18 172.42 132.14 163.86 183.62 147.84 170.44 177.92 149.64 166.8 193.78 114.3 245.0 172.32 155.68 166.7 152.3 183.44 102.6 220.76 71.46 0.0 181.6 117.16 127.16 201.4 137.06 191.14 186.42 137.36 142.8 261.1 193.5 189.54 164.76 79.82 154.7 171.72 257.52 137.48 135.44 119.4 166.04 138.72 204.88 191.98 212.54 143.84 192.5 226.28 151.06 199.38 165.98 191.62 164.8 179.48 152.56 194.52 206.72 172.28 237.86 168.38 249.5 188.54 146.78 142.12 149.4 141.38 168.3 149.44 182.72 213.72 183.06 140.52 141.2 133.76 200.54 198.96 227.64 135.92 196.64 272.62 134.76 174.3 147.0 164.54 136.34 140.86 204.82 197.66 
79.38 45.76 159.84 136.82 114.3 132.54 95.78 207.3 79.58 114.48 128.74 83.78 124.06 86.94 146.18 113.28 127.18 137.68 106.56 152.32 103.7 73.98 74.76 172.1 96.2 112.34 111.16 146.0 158.76 162.36 135.62 181.6 0.0 132.9 54.44 174.88 158.58 101.06 169.98 137.14 164.32 282.62 133.26 99.46 88.2 127.26 117.26 149.28 210.3 192.0 98.0 106.26 125.18 99.12 114.8 122.92 122.46 106.4 239.94 177.06 157.42 114.5 128.54 141.08 170.44 142.04 113.76 157.08 116.64 160.2 264.02 130.94 212.06 137.06 68.82 104.68 87.2 162.9 130.86 112.0 111.4 127.22 145.62 244.26 123.3 96.32 166.66 110.32 150.72 126.52 167.46 235.18 156.28 110.2 109.56 107.72 98.9 66.22 137.78 163.6 
99.46 87.14 105.48 10.6 24.38 172.44 137.16 137.1 111.82 57.8 147.92 147.48 170.4 95.46 166.26 169.62 175.84 109.86 162.04 139.52 131.24 115.36 164.56 86.4 137.58 149.34 150.24 106.64 172.1 152.36 45.7 117.16 132.9 0.0 95.82 138.78 32.36 142.44 69.26 81.8 74.4 192.7 174.64 140.84 121.18 37.34 137.22 129.14 151.58 175.82 118.08 48.42 104.88 121.36 156.18 139.76 161.04 126.48 150.02 157.04 81.82 155.88 148.62 174.06 60.1 141.54 84.16 136.06 158.02 201.58 224.66 105.14 232.14 102.26 110.2 124.76 69.84 45.22 146.68 132.08 145.12 109.02 142.38 156.06 72.8 112.58 186.74 165.16 159.24 67.52 154.16 255.26 30.06 151.58 129.64 147.18 118.98 72.46 179.16 129.26 
43.7 8.68 122.76 104.64 98.22 83.94 58.7 159.66 25.14 77.4 89.52 69.02 94.24 135.54 110.5 95.2 97.38 100.6 83.58 126.08 66.62 36.9 117.84 135.02 59.12 93.58 74.08 110.32 121.68 125.28 115.96 127.16 54.44 95.82 0.0 139.2 126.4 63.98 132.9 100.06 148.24 266.54 96.18 62.38 51.12 111.18 81.58 94.84 173.22 156.56 62.32 69.18 88.1 62.04 77.72 85.84 85.38 69.04 223.86 162.3 120.34 77.42 92.86 104.0 133.36 106.36 76.68 120.72 79.56 123.12 228.34 95.26 176.38 142.7 19.62 69.0 50.12 139.26 95.18 76.32 74.32 90.14 109.94 195.66 68.86 60.64 130.98 86.7 178.58 89.44 130.38 199.5 107.28 73.12 73.88 70.64 63.22 62.16 100.7 127.92 
95.5 134.96 33.3 136.84 114.4 158.08 149.54 245.08 114.34 144.64 144.86 182.32 195.44 185.48 162.3 201.44 194.72 156.6 188.46 177.88 185.9 123.3 239.02 202.86 158.4 145.38 179.6 51.9 202.08 242.38 129.94 201.4 174.88 138.78 139.2 0.0 158.6 183.76 113.56 167.9 164.42 265.78 212.54 187.56 177.06 127.36 107.22 183.98 271.5 236.96 114.12 154.02 144.72 117.4 184.72 212.12 211.66 122.52 111.72 233.84 208.06 170.18 116.54 186.58 186.34 158.16 79.62 72.76 205.84 227.8 169.92 147.06 228.18 181.16 128.84 120.8 144.5 157.62 107.5 128.12 199.78 214.8 161.74 205.32 147.48 112.44 182.78 190.44 136.44 76.22 216.78 251.3 155.68 180.2 125.68 143.22 115.02 139.38 193.14 179.72 
127.34 118.62 125.3 21.76 44.28 203.24 167.76 148.26 122.62 68.96 176.7 178.96 192.24 115.36 177.64 201.98 207.32 121.02 193.52 137.52 163.6 146.84 175.72 84.4 169.06 175.88 182.22 117.8 183.26 172.26 65.6 137.06 158.58 32.36 126.4 158.6 0.0 160.68 101.62 49.44 94.3 212.6 206.12 168.24 132.34 57.24 157.12 140.3 172.16 186.98 145.96 59.58 116.04 147.78 187.66 150.92 180.94 122.94 169.92 168.2 92.98 187.36 170.96 185.22 71.26 152.7 104.06 155.96 183.38 233.06 235.82 116.3 260.02 113.42 141.68 152.64 81.0 56.38 166.58 159.96 177.48 120.18 162.28 175.96 92.7 123.74 214.62 196.64 179.14 87.42 174.06 273.4 41.22 183.06 157.52 175.06 146.86 92.36 210.64 149.16 
88.26 55.3 169.02 138.92 137.78 83.48 55.52 218.4 89.12 124.02 124.2 99.86 139.0 182.16 63.62 109.64 100.7 147.22 121.5 168.3 113.24 83.52 164.46 181.64 68.32 117.4 120.7 154.88 130.88 171.9 159.1 191.14 101.06 142.44 63.98 183.76 160.68 0.0 129.72 146.68 187.8 306.1 142.8 109.0 97.74 150.74 126.14 141.24 218.34 165.76 100.88 115.8 134.72 108.66 124.34 132.46 132.0 115.28 263.42 193.14 166.96 106.48 137.42 150.62 179.98 150.92 123.3 165.96 126.18 169.74 272.9 112.28 184.62 189.32 78.36 113.56 96.74 173.54 139.74 97.8 120.94 136.76 154.5 195.2 132.84 105.2 175.54 107.36 225.2 136.06 177.0 244.06 158.38 91.24 118.44 117.26 107.78 108.78 90.54 172.48 
128.02 124.22 80.26 79.86 93.64 106.92 74.2 206.36 121.54 127.06 78.66 118.54 157.68 164.72 139.24 128.32 119.38 156.88 140.18 186.98 182.16 102.78 224.58 155.66 87.0 140.84 146.48 98.86 149.56 221.62 114.96 186.42 169.98 69.26 132.9 113.56 101.62 129.72 0.0 151.06 143.66 261.96 187.68 177.92 165.64 106.6 154.18 159.92 220.84 184.44 119.56 117.68 150.54 149.92 118.52 201.38 196.42 153.54 184.14 211.82 151.08 129.92 163.5 189.48 129.36 182.1 126.58 119.72 195.1 238.66 216.88 130.96 203.3 171.52 147.28 153.32 139.1 114.48 154.46 160.64 189.86 178.28 194.26 218.64 142.06 144.96 150.76 145.08 183.4 123.18 196.26 283.82 99.32 109.92 158.2 175.74 147.54 141.72 136.14 198.52 
115.2 91.38 134.6 71.2 67.16 177.98 140.94 130.44 125.2 27.34 164.04 151.72 176.94 86.92 182.0 177.9 180.08 127.08 166.28 88.08 149.32 119.6 200.54 34.96 141.82 165.08 156.78 153.2 141.64 195.14 65.9 137.36 137.14 81.8 100.06 167.9 49.44 146.68 151.06 0.0 117.18 235.48 165.66 145.08 133.82 74.26 146.78 98.68 221.6 176.52 133.82 36.54 164.42 134.64 160.42 109.3 168.08 142.22 186.94 204.76 142.42 160.12 164.36 186.7 120.7 154.08 126.94 161.08 162.26 205.82 271.22 146.52 247.88 162.86 114.44 140.5 66.72 105.82 166.68 147.82 157.02 169.62 181.44 198.84 115.58 132.14 202.48 169.4 150.7 95.76 191.08 271.0 90.66 155.82 145.38 153.34 134.72 82.22 183.4 172.04 
107.66 139.56 131.12 72.54 50.02 188.98 161.7 191.82 126.5 89.84 157.02 194.48 208.52 121.1 174.46 213.6 206.88 168.76 200.62 186.48 190.72 135.46 208.08 148.34 170.56 157.54 191.76 149.72 204.14 178.0 71.34 142.8 164.32 74.4 148.24 164.42 94.3 187.8 143.66 117.18 0.0 218.34 224.7 173.98 161.72 62.98 145.54 161.18 223.42 233.42 126.28 99.22 156.88 129.56 194.74 171.8 186.68 134.68 117.06 187.62 143.76 198.28 156.82 199.38 122.04 170.32 109.8 161.7 189.12 239.96 267.74 159.22 240.34 145.78 141.0 132.96 129.22 98.62 159.14 140.28 201.6 170.96 168.02 181.7 98.44 124.6 194.94 202.6 184.88 93.16 179.8 263.46 92.0 192.36 137.84 155.38 127.18 98.1 219.7 154.9 
259.96 257.86 232.48 190.84 168.32 339.58 307.8 310.12 260.46 208.14 211.68 316.06 331.74 239.4 272.26 343.86 336.44 289.9 315.64 304.78 309.02 286.08 326.38 266.64 308.3 309.4 323.16 251.08 322.44 296.3 189.64 261.1 282.62 192.7 266.54 265.78 212.6 306.1 261.96 235.48 218.34 0.0 345.36 292.28 280.02 181.28 281.16 279.48 341.72 351.72 278.58 217.52 283.56 281.86 251.54 290.1 304.98 286.98 293.96 305.92 262.06 316.58 295.0 322.5 240.34 321.78 228.1 271.94 307.42 372.3 369.1 285.38 392.64 264.08 280.92 285.26 247.52 216.92 290.62 292.54 319.9 289.26 286.32 300.0 216.74 276.9 283.78 316.0 303.18 211.46 298.1 415.76 210.3 322.3 290.14 307.68 279.48 216.4 349.88 273.2 
117.04 87.5 200.1 185.24 177.04 105.8 113.48 216.24 121.32 138.32 166.4 92.72 61.36 197.9 163.0 63.22 68.3 178.14 78.86 199.42 145.44 115.72 196.66 200.62 106.42 139.72 41.2 183.66 141.18 184.68 176.88 193.5 133.26 174.64 96.18 212.54 206.12 142.8 187.68 165.66 224.7 345.36 0.0 141.2 121.26 185.24 150.16 179.34 186.74 146.26 135.66 147.7 166.26 119.16 141.56 164.66 164.2 144.06 297.92 186.0 199.16 93.38 166.2 174.14 212.18 179.7 155.5 194.74 158.38 201.94 301.68 148.98 189.46 202.42 110.56 142.34 128.94 218.56 168.52 149.66 153.14 168.96 183.28 217.52 165.04 133.98 129.76 119.26 257.4 168.26 209.2 272.84 202.06 149.2 95.24 98.14 121.54 140.98 136.42 201.26 
92.06 53.7 166.12 146.48 123.96 140.48 103.72 216.8 87.52 122.42 137.14 114.04 139.26 180.56 158.86 140.22 142.4 145.62 128.6 174.44 111.64 81.92 162.86 180.04 104.14 141.94 119.1 148.16 166.7 170.3 145.28 189.54 99.46 140.84 62.38 187.56 168.24 109.0 177.92 145.08 173.98 292.28 141.2 0.0 96.14 136.92 129.94 157.22 218.24 201.58 110.68 114.2 133.12 107.06 122.74 130.86 130.4 119.08 249.6 176.94 101.72 122.44 141.22 149.02 178.38 154.72 121.7 168.68 124.58 168.14 266.18 143.62 224.74 187.72 76.76 117.36 95.14 172.56 143.54 124.68 119.34 135.16 158.3 252.2 131.24 109.0 179.34 131.72 223.6 134.46 175.4 247.86 165.94 118.14 122.24 115.66 109.44 107.18 145.72 176.28 
81.56 42.44 153.74 110.58 111.7 124.94 91.44 181.1 62.74 111.16 125.88 100.18 59.9 169.3 148.36 102.08 98.2 134.36 77.4 163.94 100.38 62.86 151.6 168.78 92.88 131.44 80.06 148.18 155.44 159.04 133.02 164.76 88.2 121.18 51.12 177.06 132.34 97.74 165.64 133.82 161.72 280.02 121.26 96.14 0.0 124.66 119.44 132.44 185.28 162.84 100.18 102.94 120.36 95.8 111.48 119.6 119.14 106.64 237.34 193.46 154.1 111.18 130.72 52.88 160.08 143.46 107.42 157.42 113.32 156.88 266.2 133.12 214.24 176.46 65.5 106.86 83.88 145.2 133.04 114.18 108.08 123.9 147.8 236.66 106.46 98.5 128.3 120.46 212.34 123.2 156.34 237.36 130.04 106.88 111.74 104.4 98.18 95.92 134.46 165.78 
104.6 102.5 94.06 35.48 12.96 174.9 152.44 143.22 105.1 46.92 148.36 160.7 176.76 84.04 171.36 188.5 190.96 134.74 177.28 149.42 153.66 130.72 171.02 109.22 152.94 154.04 167.8 112.66 161.22 140.94 8.36 79.82 127.26 37.34 111.18 127.36 57.24 150.74 106.6 74.26 62.98 181.28 185.24 136.92 124.66 0.0 125.8 118.26 186.36 170.44 112.16 56.3 129.76 126.5 157.68 128.88 149.62 131.62 112.68 150.56 87.96 161.22 139.64 177.54 84.98 166.42 72.74 124.64 145.48 216.94 230.68 130.02 237.28 108.72 110.58 121.74 86.3 61.56 135.26 137.18 164.54 133.9 130.96 144.64 61.38 121.54 188.72 180.52 147.82 56.1 116.82 260.4 54.94 166.94 134.78 152.32 124.12 61.04 194.52 117.84 
37.88 77.12 73.92 135.36 112.84 119.2 91.92 197.82 56.72 125.74 87.24 124.7 129.12 183.92 104.68 130.98 136.06 98.98 130.84 120.26 128.28 65.68 186.06 163.12 100.78 87.76 108.96 92.52 145.04 191.36 134.16 154.7 117.26 137.22 81.58 107.22 157.12 126.14 154.18 146.78 145.54 281.16 150.16 129.94 119.44 125.8 0.0 126.36 214.82 179.92 56.5 135.12 87.1 59.78 127.1 154.28 153.82 64.9 177.8 176.22 176.2 142.2 87.04 129.6 183.7 100.54 82.42 113.38 148.0 170.18 210.54 89.44 170.56 171.32 71.22 63.18 86.88 139.4 89.36 70.5 142.16 157.18 104.12 230.04 89.86 54.82 125.16 132.82 177.06 116.84 159.16 193.68 154.66 122.58 68.06 85.6 57.4 81.76 149.92 122.1 
88.48 103.52 155.82 118.54 111.16 122.82 85.72 174.44 69.7 71.34 130.52 104.46 144.74 130.92 155.28 116.12 130.9 149.58 127.24 170.86 161.46 114.3 210.5 133.64 72.92 138.36 138.14 155.1 135.48 220.12 109.9 171.72 149.28 129.14 94.84 183.98 140.3 141.24 159.92 98.68 161.18 279.48 179.34 157.22 132.44 118.26 126.36 0.0 222.94 170.36 107.1 80.72 137.7 110.38 170.38 153.3 180.22 113.6 230.94 197.74 189.5 145.82 137.64 180.2 168.04 151.14 123.9 165.28 174.4 217.96 273.12 140.04 214.82 206.92 114.46 113.78 110.72 153.16 139.96 121.1 169.16 184.98 154.72 234.54 113.42 105.42 175.76 131.0 194.7 139.76 207.78 244.28 138.0 121.44 118.66 136.2 108.0 126.22 122.06 172.7 
176.94 164.54 238.2 159.96 173.4 193.52 162.82 239.8 158.16 207.16 222.54 165.66 125.38 244.48 228.66 167.56 163.68 238.04 142.88 237.0 106.6 191.4 251.16 235.76 150.02 226.82 145.54 243.56 212.58 258.62 194.72 257.52 210.3 151.58 173.22 271.5 172.16 218.34 220.84 221.6 223.42 341.72 186.74 218.24 185.28 186.36 214.82 222.94 0.0 228.32 195.56 197.78 226.16 198.84 205.58 241.7 241.24 202.06 299.04 258.94 231.18 186.1 226.1 238.16 209.46 239.6 212.36 253.74 235.42 278.98 361.58 219.58 291.92 188.86 187.6 202.24 205.98 194.58 228.42 194.48 120.48 246.0 243.18 305.08 201.88 193.88 193.78 192.2 218.56 216.54 284.88 332.74 179.42 198.54 199.58 224.66 196.46 218.02 199.16 261.16 
142.04 147.88 221.06 165.22 183.4 143.74 110.24 129.2 157.58 149.18 189.4 108.22 102.94 208.76 178.5 83.04 106.24 203.14 85.44 218.62 205.82 138.82 213.32 202.1 97.44 177.66 105.06 208.66 34.88 248.54 162.08 137.48 192.0 175.82 156.56 236.96 186.98 165.76 184.44 176.52 233.42 351.72 146.26 201.58 162.84 170.44 179.92 170.36 228.32 0.0 155.6 158.56 191.26 163.94 181.4 225.04 224.58 169.06 283.12 201.5 236.44 142.1 191.2 215.72 214.72 204.7 186.58 219.74 218.76 238.08 303.66 167.0 209.28 251.14 170.94 167.34 188.56 199.84 193.52 174.66 213.52 201.44 208.28 206.32 194.02 158.98 171.34 134.76 272.54 217.6 232.3 297.84 145.76 145.96 115.48 189.76 161.56 185.92 146.58 226.26 
18.62 58.08 99.74 125.44 110.26 82.46 45.36 178.56 37.46 106.48 67.98 89.7 119.48 165.68 85.42 99.48 90.54 79.72 111.34 101.0 109.02 46.42 166.8 143.86 58.16 68.5 102.72 85.24 120.72 172.1 103.8 135.44 98.0 118.08 62.32 114.12 145.96 100.88 119.56 133.82 126.28 278.58 135.66 110.68 100.18 112.16 56.5 107.1 195.56 155.6 0.0 115.86 67.84 40.52 107.84 135.24 134.78 45.64 203.62 156.96 160.04 105.46 67.78 110.34 164.44 81.28 63.16 96.32 128.96 150.92 203.26 70.18 151.3 152.06 51.96 43.92 67.62 120.14 70.1 51.24 122.9 137.92 84.86 194.18 70.6 35.56 105.9 113.56 176.1 105.76 139.9 174.42 135.4 81.08 48.8 66.34 38.14 62.5 107.3 102.84 
97.24 60.5 120.72 37.82 49.2 147.28 110.4 112.48 94.32 9.38 127.5 120.84 146.06 68.96 164.04 147.02 149.2 109.12 135.4 124.62 118.44 88.72 169.66 71.5 110.94 147.12 125.9 133.86 123.68 177.1 47.94 119.4 106.26 48.42 69.18 154.02 59.58 115.8 117.68 36.54 99.22 217.52 147.7 114.2 102.94 56.3 135.12 80.72 197.78 158.56 115.86 0.0 132.1 113.86 129.54 91.34 137.2 124.26 168.98 184.26 109.04 129.24 146.4 155.82 87.32 136.12 108.98 143.12 131.38 174.94 251.88 132.36 229.92 129.48 83.56 122.54 48.76 72.44 148.72 129.86 126.14 136.24 163.48 180.88 97.62 114.18 184.52 138.52 132.74 77.8 173.12 253.04 57.28 124.94 127.42 122.46 116.24 64.26 152.52 154.08 
49.22 79.42 134.28 94.28 116.8 130.54 103.26 191.24 68.06 137.08 71.88 136.04 150.08 153.22 116.02 155.16 148.44 110.32 142.16 87.84 136.24 77.02 188.58 140.96 112.12 99.1 133.32 115.84 156.38 196.02 138.12 166.04 125.18 104.88 88.1 144.72 116.04 134.72 150.54 164.42 156.88 283.56 166.26 133.12 120.36 129.76 87.1 137.7 226.16 191.26 67.84 132.1 0.0 71.12 111.74 156.58 156.12 76.24 236.54 187.56 165.5 148.16 98.38 140.94 143.78 111.88 93.76 126.92 150.3 181.52 233.86 100.78 181.9 182.66 82.56 74.52 98.22 128.9 100.7 81.84 145.06 160.88 115.46 142.94 101.2 66.16 136.5 144.16 203.74 136.36 170.5 205.02 113.74 133.92 79.4 96.94 68.74 93.1 161.26 133.44 
21.9 53.36 92.0 126.02 113.54 72.44 75.94 175.12 40.74 107.3 71.26 108.72 122.76 166.56 88.7 127.84 109.94 83.0 114.86 104.28 111.3 49.7 162.52 147.14 84.8 71.78 106.0 88.52 129.06 169.96 127.76 138.72 99.12 121.36 62.04 117.4 147.78 108.66 149.92 134.64 129.56 281.86 119.16 107.06 95.8 126.5 59.78 110.38 198.84 163.94 40.52 113.86 71.12 0.0 111.12 130.52 130.06 48.92 195.88 160.24 163.32 95.44 71.06 113.62 165.3 84.56 66.44 99.6 124.24 154.2 206.54 73.46 154.58 155.34 55.24 47.2 70.9 123.42 73.38 54.52 119.0 134.82 88.14 184.16 73.88 38.84 109.18 116.84 179.38 109.04 143.18 177.7 138.68 106.6 52.08 69.62 2.38 65.78 133.94 106.12 
89.22 69.04 174.28 166.78 144.72 148.34 117.52 196.7 102.86 137.76 39.86 73.18 80.2 195.9 100.44 102.68 116.58 118.08 95.96 171.6 126.98 97.26 178.2 195.38 104.72 139.1 100.36 155.84 167.28 185.64 166.04 204.88 114.8 156.18 77.72 184.72 187.66 124.34 118.52 160.42 194.74 251.54 141.56 122.74 111.48 157.68 127.1 170.38 205.58 181.4 107.84 129.54 111.74 111.12 0.0 146.2 145.74 116.24 270.36 166.46 180.7 137.78 138.38 150.68 193.72 151.88 133.76 166.92 139.92 183.48 273.86 140.78 221.9 203.06 92.1 114.52 110.48 190.74 140.7 121.84 134.68 150.5 155.46 254.68 100.98 106.16 111.96 99.72 171.72 138.92 190.74 245.02 185.0 133.48 119.4 131.0 108.74 122.52 153.86 173.44 
116.62 77.16 191.24 129.16 121.78 163.94 127.18 185.06 110.98 81.96 160.6 137.5 162.72 141.54 183.42 163.68 165.86 169.08 152.06 197.38 135.1 105.38 186.32 144.26 127.6 166.5 142.56 183.24 190.16 193.76 120.52 191.98 122.92 139.76 85.84 212.12 150.92 132.46 201.38 109.3 171.8 290.1 164.66 130.86 119.6 128.88 154.28 153.3 241.7 225.04 135.24 91.34 156.58 130.52 146.2 0.0 153.86 143.64 241.56 230.78 188.82 145.9 165.78 172.48 178.66 178.18 145.16 192.14 148.04 191.6 301.26 168.18 249.3 211.18 100.22 141.92 118.6 163.78 168.1 149.24 142.8 158.62 182.86 253.46 154.7 133.56 203.9 155.18 205.32 150.38 198.86 272.42 148.62 141.6 146.8 139.12 132.9 130.64 169.18 200.84 
116.16 76.7 188.32 159.18 136.66 125.82 122.22 227.3 110.52 145.42 160.14 137.04 162.26 189.28 104.7 151.22 163.32 168.62 151.6 123.9 134.64 104.92 185.86 177.02 127.14 159.74 142.1 182.78 189.7 193.3 157.98 212.54 122.46 161.04 85.38 211.66 180.94 132.0 196.42 168.08 186.68 304.98 164.2 130.4 119.14 149.62 153.82 180.22 241.24 224.58 134.78 137.2 156.12 130.06 145.74 153.86 0.0 143.18 262.3 230.32 188.36 145.44 165.32 172.02 201.38 177.72 144.7 191.68 147.58 191.14 300.8 65.46 248.84 210.72 99.76 141.46 118.14 185.26 167.64 138.88 142.34 158.16 182.4 237.54 154.24 133.1 203.44 148.44 246.6 157.46 198.4 271.96 178.64 141.14 146.34 119.66 132.44 130.18 168.72 200.38 
27.02 66.48 112.08 133.84 118.66 108.34 79.34 185.8 43.9 114.88 76.38 113.84 127.88 174.08 93.82 132.96 124.52 88.12 119.98 109.4 117.42 54.82 168.72 152.26 89.92 76.9 111.12 93.64 134.18 176.18 132.88 143.84 106.4 126.48 69.04 122.52 122.94 115.28 153.54 142.22 134.68 286.98 144.06 119.08 106.64 131.62 64.9 113.6 202.06 169.06 45.64 124.26 76.24 48.92 116.24 143.64 143.18 0.0 215.96 165.36 168.44 131.34 76.18 118.72 172.84 89.68 71.56 104.72 137.36 159.32 211.66 78.58 159.7 106.42 60.36 52.32 76.02 128.54 78.5 59.64 131.3 146.32 93.26 219.18 79.0 43.96 114.3 121.96 184.5 114.16 148.3 154.02 143.8 111.72 57.2 74.74 46.54 70.9 139.06 111.24 
188.94 215.18 103.88 148.16 125.64 205.32 242.36 170.72 202.52 159.6 238.3 273.38 273.46 196.72 244.84 291.94 242.82 247.42 263.62 262.1 266.34 216.74 283.7 221.9 251.82 238.82 269.92 122.48 265.04 253.62 121.04 192.5 239.94 150.02 223.86 111.72 169.92 263.42 184.14 186.94 117.06 293.96 297.92 249.6 237.34 112.68 177.8 230.94 299.04 283.12 203.62 168.98 236.54 195.88 270.36 241.56 262.3 215.96 0.0 263.24 200.64 228.32 187.12 279.94 197.66 251.6 150.2 143.34 258.16 279.6 240.5 226.74 321.62 221.4 222.28 214.24 198.98 174.24 178.08 221.56 277.22 246.58 243.64 93.6 174.06 205.88 276.22 283.88 207.02 146.8 229.5 344.74 167.62 273.64 219.12 236.66 198.26 173.72 263.72 230.52 
138.34 153.62 218.7 146.44 137.6 174.18 137.62 216.8 157.18 177.42 187.7 93.28 133.56 208.68 163.56 122.78 136.68 199.44 116.06 220.72 211.56 152.72 199.32 222.24 124.82 167.5 144.8 204.96 187.38 265.58 154.82 226.28 177.06 157.04 162.3 233.84 168.2 193.14 211.82 204.76 187.62 305.92 186.0 176.94 193.46 150.56 176.22 197.74 258.94 201.5 156.96 184.26 187.56 160.24 166.46 230.78 230.32 165.36 263.24 0.0 75.22 172.72 187.5 230.06 195.94 201.0 182.88 216.04 224.5 268.06 322.98 189.9 249.02 233.36 171.68 163.64 187.34 181.06 189.82 170.96 219.26 232.06 204.58 269.28 186.02 155.28 201.96 119.82 272.46 180.74 246.2 294.14 165.9 173.34 168.52 186.06 157.86 182.22 173.96 222.56 
