0 91.92 25.8 95.15 36.34 69.47 87.82 86.31 80.28 64.23 30.9 62.52 77.6 85.12 72.76 38.72 78.01 97.88 94.98 61.3 55.18 26.94 29.52 98.43 44.09 56.33 94.16 68.1 83.85 56.73 92.72 46.92 85.1 22.86 18.57 49.49 99.89 96.32 54.23 80.09 94.83 61.26 88.94 76.83 49.6 65.9 99.75 73.95 59.43 83.16 86.11 39.57 11.43 64.05 42.74 74.69 22.51 89.03 51.13 38.86 79.92 99.66 54.73 86.55 33.19 67.85 44.16 69.43 96.71 67.37 75.42 24.25 33.21 92.63 64.32 68.06 35.18 80.52 74.75 88 98.8 94.94 86.78 69.92 97.55 96.85 40.26 97.18 51.51 54.04 66.48 99.81 71.62 80.36 73.23 40.87 95.78 53.35 69.72 81.22 50.02 82.43 98.8 47.17 95.91 88.19 93.89 64.08 74.32 12.12 81.44 62.59 79.48 82.9 17.19 64.35 62.09 30.32 59.74 85.55 95.08 78.89 44.92 98.52 79.78 97.28 55.11 86.43 48.62 38.15 93.21 83.58 59.72 22.22 13.98 31.47 94.23 56.14 27.69 75.98 95.91 72.56 58.3 47.23 57.37 96.21 67.09 93.77 93.45 87.71 29.87 61.78 41.93 81.65 56.26 76.07 45.58 78.88 67.45 82.61 47.32 83.22 86.74 83.88 70.4 94.69 99.84 61.95 41.61 87.38 86.78 97.73 50.93 98.16 72.65 88.19 87.6 98.21 68.93 52.27 52.26 65.08 84.64 58.25 97.84 99.25 74.51 99.35 51.62 78.4 72.43 67.4 39.73 12.68 86.94 34.97 85.95 63.59 98.73 89.79 
91.92 0 73.42 93.29 90.26 80.03 102.62 21.37 118.08 57.87 90.92 142.16 99.47 60.42 73.85 121.94 169.13 27.28 184.1 58.7 97.83 117.96 110.06 168.85 101.98 144.15 186.06 83.78 115.13 119.23 181.19 78.85 158.33 72.58 74.6 116.35 52.48 159.28 41.45 40.25 131.61 151.64 174.96 163.7 141.5 143.72 91.41 141.99 71.55 136.95 112.64 53.17 103.33 151.47 108.74 165.45 109.51 158.59 140.1 127.54 86.51 109 132.25 170.77 63.01 119.26 80.73 29.75 130.98 151.25 144.35 110.21 71.33 137.78 28.79 43.27 61.53 62.27 42.28 93.22 182.49 66.99 22.77 107.96 188.27 38.65 115.36 70.27 129.55 61.68 36.06 190.76 163.5 16.75 131 130.74 142.46 39.57 67.04 170.1 106.26 70.27 114.58 52.99 154.06 163.97 173.82 133.34 115.55 98.65 170.33 153.77 159.26 174.81 92.52 122.25 135.43 101.72 99.41 136.37 79.43 139.94 69.11 85.57 83.47 121.58 111.14 145.6 133.7 130.05 45.44 175.29 151.62 90.24 83 60.48 180.09 85.79 103.96 104.75 14.9 52.41 39.54 95.55 89.04 10.59 25.24 55.84 168.69 83.68 121.05 146.47 65.48 13.13 73.7 153.48 57.33 164.59 158.99 128.4 44.83 47.37 54.04 163.68 92.44 174.7 162.81 46.07 121.26 36.01 130.27 29.41 141.35 37.64 156.95 105.74 155.15 99.34 158.09 123.66 143.74 105.86 76.42 140.81 123.34 152.12 149.02 191.19 136.49 32.1 122.63 94.88 112.12 99.78 170 81.28 176.39 130.44 170.98 181.18 
25.8 73.42 0 102.01 52.48 76.47 98.83 63.86 65.88 63.55 20.05 88.11 57.71 83.62 48.05 48.53 96.79 85.47 110.79 35.51 70.84 51.82 54.42 123.35 63.4 81.83 115.9 45.42 99.29 51.84 117.73 24.58 110.23 26.77 10.3 72.18 74.34 94.08 43.53 55.17 112.52 78.98 101.6 102.33 72.08 71.69 75.73 73.56 64.52 104.49 68.45 21.29 35.8 78.07 38.66 98.72 48.27 90.13 67.03 64.4 87.42 110.19 79.94 112.29 10.42 58.04 54.76 47.11 82.39 78.02 99.69 37.19 38.83 112.32 49.29 43.14 32.59 54.79 68.09 65.31 109.52 69.22 73.97 54.48 115.49 72.21 42.93 96.92 57.04 55.11 56.75 123.41 93.8 65.28 67.08 58.19 86.04 33.95 72.11 96.8 40.56 84.38 79.22 22.86 118.67 93.1 101.74 88.08 91.79 37.36 106.41 86.41 105.19 104.09 19.28 85.67 64.55 52.48 43.49 76.93 70.05 101.7 49.69 102.5 56.1 111.8 75.15 81.82 60.27 60.92 86.3 106.21 81.16 40.97 28.29 20.45 119.79 67.22 30.7 89.9 74.54 46.84 35.69 32.71 37.52 79.75 48.27 89.8 118.89 93.02 49.85 87.57 16.16 61.59 32.05 81.82 43.36 91.23 87.29 101.92 33.09 77.86 61 91.49 81.46 120.46 123.61 56.17 66.83 78.31 75.15 74.18 75.6 88.48 98.43 68.22 111.92 75.53 93.93 52.86 72.21 81.48 59.77 67.66 80.82 92.33 99.66 119.84 77.41 68.33 92.25 47.86 63.2 28.14 97.07 15.19 110.09 61.9 101.69 109.01 
95.15 93.29 102.01 0 61.09 25.89 17.23 108.28 167.86 42.2 119.97 97.67 157.41 33 139.36 133.1 157.95 71.83 178.7 120.79 46.75 104.67 84.95 104.3 61.23 112.56 162.73 142.57 35.77 150.48 141.8 124.76 99.86 76.63 93.32 71.31 139.4 191.31 69.24 119.69 48.86 145.97 177.64 124.35 126.26 160.42 165.83 169.04 37.5 66.31 169.37 88.73 100.77 153.36 136.29 136.73 92.88 184.14 139.98 104.15 15.23 16.62 89.45 124.53 97.24 159.29 51.02 100.92 184.29 159.41 85.84 118.82 64.08 59.31 77.1 113.23 69.65 136.33 51.86 160.35 188.99 147.48 70.81 156.41 176.78 127.52 135.33 27.3 146.44 47.68 62.63 158.39 143.16 77.69 166.8 129.84 187.58 89.09 31.62 166.7 141.25 23.29 178.23 102.2 81.34 182.51 186.6 80.2 45.2 89.86 134.25 129.6 109.03 155.48 109.88 63.63 157.22 74.65 145.42 178 155.85 75.01 52.47 11.53 149.72 33.69 59.25 180.77 141.41 117.99 50.98 150.54 136.6 74.47 81.58 82.74 134.93 39.73 122.37 31.33 107.62 124.09 98.96 134.61 138.41 86.72 88.17 40.61 109.81 10.14 118.16 108.07 110.2 95.94 128.13 170.36 59.89 168.65 146.78 54.46 79.01 46.01 134.07 177.08 27.34 120.8 92.16 54.8 87.29 58.08 177.04 120.47 117.47 61.82 114.51 167.29 91.3 169.69 125.67 147.29 134.62 43.55 148.19 151.61 181.81 192.77 95.21 171.48 102.21 61.47 56.1 148.37 76.35 107.79 178.27 117.19 144.18 158.41 193.49 166.95 
36.34 90.26 52.48 61.09 0 36.86 51.87 93.2 115.41 41.64 65.57 52.58 109.93 59.81 99.21 72.56 99.1 85.58 119.13 83.4 19.01 44.14 25.99 79.49 12.52 59.32 107.96 97.84 47.84 93.06 94.68 77.03 68.27 26.94 42.2 26.15 116.03 132.13 49.04 94.5 60.14 85.7 116.94 76.53 67.23 99.76 127.23 109.63 30.55 53.34 119.9 51.22 40.01 92.43 79.05 83.33 32.26 124.05 79.02 46.37 46.08 63.71 42.57 81.77 53.21 103.92 12.79 78.32 132 98.32 54.74 58.58 19.94 60.01 62.02 83.71 31.25 102.55 57.82 117.64 128.09 116.46 76.54 104.56 118.53 108.84 76.19 69.3 86.17 32.32 55.83 107.7 86.51 74.68 109.56 68.8 132 60.87 42.04 106.55 85.9 53.53 131.45 64.72 68.98 121.68 125.52 43.35 39.38 28.99 84.76 73.78 69.26 98.95 52.99 35.24 97.31 15.14 93.89 121.83 120.16 52.75 22.29 66.48 108.08 61.08 23.87 122.65 80.4 57.86 73.72 95.92 77.97 14.18 25.05 40.93 91.63 21.37 63.98 39.65 99.38 91.89 69.91 81.72 89.54 90.5 70.07 70.48 78.51 55.16 57.08 58.81 66.35 84.23 84.09 109.55 32.94 107.73 87.82 49.56 49.99 63.04 105.37 116.03 34.79 84.56 75.81 47.04 33.47 71.61 122.68 106.29 60.83 81.87 68.48 120.51 66.23 127.83 73.65 88.19 74.58 29.35 110.4 90.64 132.04 135.58 58.77 115.61 49.85 65.55 40.19 99.89 22.75 48.38 117.22 66.45 92.89 99.66 132.86 109.18 
69.47 80.03 76.47 25.89 36.86 0 24.68 91.22 142.36 22.48 94.15 81.11 132.65 28.45 115.92 107.72 135.65 64.75 155.9 97.66 27.26 81 62.2 96.36 40.11 92.97 142.86 118.21 35.14 124.59 125.45 99.7 88.89 50.78 67.56 52.92 120.54 165.49 47.9 99.77 51.61 122.55 153.75 107.4 103.76 135.05 143.06 143.27 12.32 60.19 144.32 64.65 75.66 129.16 110.41 117.37 69.11 158.5 115.72 82.25 10.95 34.67 71.8 109.78 72.32 133.48 25.6 81.09 158.86 134.67 74.19 93.35 38.23 58.51 58.16 91.88 44.49 114.39 38.27 136.57 164.81 126.49 59.71 130.95 154.92 109.89 109.56 34.14 120.9 23.84 45.06 140.55 122.16 63.35 140.92 105.43 161.79 67.1 13.24 143.4 115.41 18.78 153.72 78.59 77.18 157.23 161.79 65.79 37.44 64.9 116.72 108.96 95.09 134.6 84 50.39 131.56 51.45 119.96 152.15 133.72 65.98 26.79 29.67 126.07 42.42 42.24 154.89 116.42 94.67 46.82 130.67 114.39 49.42 55.78 57.73 120.17 16.1 96.54 24.97 93.02 102.32 77.22 108.95 113.28 75.96 69.07 39.74 99.41 18.44 93.64 90.13 85.57 79.5 103.73 145.08 35.68 144.46 124.38 49.99 56.21 37.56 113.49 152.12 12.81 108.72 87.1 35.48 66.82 49.5 151.34 104.17 96.29 57.25 98.12 142.72 82.51 146.17 106.84 121.5 111.4 29.94 125.42 126.54 156.76 166.89 82.01 151.04 82.79 48.52 46.67 123.37 55.46 82.14 153.78 91.67 125.92 132.57 168.05 145.37 
87.82 102.62 98.83 17.23 51.87 24.68 0 115.25 164.4 46.52 115.2 81.98 155.91 44.7 140.16 124.33 144.82 84 165.89 122.06 34.61 93.42 73.13 87.07 49 98.03 147.97 141.89 18.54 144.34 125.71 122.73 82.85 72.28 89.3 56.95 145.04 183.96 72.56 124.39 32.49 133.96 165.99 108.55 113.55 151.42 167.49 161.48 36.68 49.09 167.2 88.78 91.77 142.26 130.2 121.86 81.94 175.88 129.04 91.23 16.11 11.85 74.3 108.08 95.72 154.36 44.55 105.68 181 149.08 69.01 110.44 60 42.39 82.51 116.56 67.94 139.02 60.34 160.59 177.64 151.18 81.05 153.13 163.21 134.12 127.96 42.71 138 48.44 68.9 142.73 129.18 86.23 160.83 119.22 182.65 91.77 36.12 154.43 136.22 33.54 177.18 102.87 64.2 173.15 176.24 64.06 28.42 80.75 118.61 115.5 92.48 141.34 103.79 47.51 149.18 63.59 142.18 172.7 158.3 57.91 49.75 28.49 150.19 19.15 44.72 174.24 131.68 106.15 63.86 135.85 123.54 65.98 75.11 81.17 118.43 32.03 115.5 15.45 116.24 126.97 101.9 130.68 136.16 97.35 93.5 54.3 92.7 21.57 107.83 92.79 109.17 103.29 127.44 161.07 60.01 157.41 133.81 37.23 80.8 56.85 138.16 167.05 17.56 103.85 74.99 59.7 73.66 69.29 172.71 128.02 103.83 74.84 98.6 166.15 74.12 170.32 110.62 139.97 122.5 28.71 149.87 141.97 179.6 186.89 78.6 156.99 87.71 70.55 39.3 146.39 63.3 100.14 167.42 113.9 128.77 151.38 184.5 153.22 
86.31 21.37 63.86 108.28 93.2 91.22 115.25 0 99.22 68.82 78.5 142.64 79.83 76.46 53.87 111.06 160.6 48.1 173.77 40.87 104.34 113.21 108.99 172.68 105.59 141.54 179.55 64.64 125.46 103.98 178.5 63.27 161.13 70.82 67.86 119.12 32.24 142.35 45.54 19.3 141.76 142.73 163.25 161.76 135.33 130.34 70.07 126.56 80.91 143.81 92.8 46.96 97.6 140.89 95.02 161 106.48 142.87 130.59 124.29 99.31 123.04 133.06 170.1 54.03 102.18 85.97 16.91 111.25 139.34 147.92 100.94 73.29 146.51 33.36 25.27 62.17 41.3 56.47 72.4 169.76 45.67 41.23 89.71 179.1 19.3 102.92 87.81 116.87 69.62 46.35 186.1 157.26 31.46 114.27 122.02 123.72 33.74 79.13 159.86 90.98 85 93.82 41.21 160.57 149.43 160.11 136.41 123.9 95.12 167.32 148.88 160.07 167.84 83.03 127.46 121.37 102.21 82.1 118.38 58.07 145.28 74.56 101.93 62.99 133.62 116 128.49 122.81 123.96 64.22 169.51 144.79 89.87 80.28 56.58 178.78 93.58 92.88 114.83 11.98 32.45 28.26 80.11 71.65 31.95 23.36 73.96 171.12 98.27 113.55 145.27 52.27 12.44 56.35 139.64 61.82 152.98 151.15 136.56 43.42 63.8 32.68 150.18 102.73 175.69 168.42 55.74 121.02 54.1 111.57 13.26 137.17 57.85 156.07 85.38 159.41 78.15 154.85 109.83 136.04 113.56 55.39 128.84 103.05 133.89 151.22 183.69 135.03 47.45 129.55 76.25 113.27 91.81 157.32 68.19 172.25 115.31 155.47 172.84 
80.28 118.08 65.88 167.86 115.41 142.36 164.4 99.22 0 128.35 49.85 134.59 20.79 147.37 46.07 61.14 104.42 139.32 105.92 59.42 134.4 93.24 107.37 172.16 124.31 119.77 129.32 34.59 163.23 31.5 146.78 44.13 158.53 92.13 75.1 128.97 84.85 47.24 104.63 80.66 175 89.45 90.39 137.37 98.62 56.55 49.56 41.71 130.38 162.92 12.83 81.44 82.52 79.4 40.56 124.85 97.84 53.14 78.51 105.98 153.3 175.89 129.58 149.66 71.29 17.05 119.96 88.75 16.62 71 151.95 66.51 104.51 172.85 104.94 74.83 98.25 61.03 129.5 35.71 90.81 67.48 128.57 11.51 116 93.44 49.47 160.88 53.04 120.62 116.82 143.62 113.31 117.85 25.14 77.9 24.5 87.56 137.54 95.11 30.93 149.47 26.88 71.03 174.38 64.62 77.74 141.6 154.37 91.25 136.56 113.98 148.75 117.77 63.08 144.3 46.87 110.46 22.45 20.96 56.07 157.6 115.57 167.9 39.6 176.28 135.38 33.93 66.55 92.33 146.24 124.88 101.55 101.9 90.43 85.39 153.53 132.51 55.56 154.51 110.98 66.89 81.47 33.79 30.83 127.65 98.16 151.84 164.65 158.75 80.11 128.84 59.72 105.05 45.11 60.55 108.58 82.71 100.88 162.88 93.33 139.55 72.45 70.56 146.91 161.67 176.72 119.1 117.51 136.8 12.41 101.6 109.46 145.49 138.05 22.58 163.63 40.24 126.12 42.87 91.36 144.72 50.06 63.8 19.38 35.15 148.39 127.99 120.76 126.77 152.68 23.21 118.89 70.86 80.59 50.69 134.93 36.7 65.23 114.98 
64.23 57.87 63.55 42.2 41.64 22.48 46.52 68.82 128.35 0 82.98 93.06 116.37 20.93 97.33 102.74 138.21 45.7 157.16 78.69 42.14 82.52 67.03 114.06 50.38 100.95 149.06 101.12 57.35 114.65 136.13 84.46 104.99 41.96 56.49 64.94 98.6 156.66 27.05 78.2 73.82 123.19 152.69 117.94 106.8 129.54 123.63 135.17 14.25 79.94 128.72 47.47 73.09 127.73 100.78 124.83 71.16 151.22 114.48 87.27 30.83 55.11 83.15 122.36 57.06 121.59 29.09 59.41 144.48 131.59 90.42 88.34 31.23 79.96 36 71.15 31.43 94.16 17.58 118.42 162.89 105.58 38.73 116.84 157.9 87.61 102.07 33.64 114.83 10.36 22.59 149.33 127.18 41.13 130.4 104.04 149.5 46.89 10.75 143.86 104.02 21.17 136.81 60.39 97.11 151.82 158.07 80.48 57.94 63.68 126.36 114.9 108.81 139.54 75.47 67.05 124.51 56.44 105.96 140.48 113.68 84.13 20.65 39.83 107.75 64.81 56.86 144.96 112.85 96.4 32.08 137.14 117.65 49.35 50.43 43.22 132.47 29.3 88.72 46.9 70.59 81.94 56.78 96.1 98.11 54.62 47.03 29.95 115.58 32.17 92.34 100.22 69.32 57.03 86.79 139.82 20.27 142.81 127.02 70.78 36.99 21.41 92.3 148.01 34.59 123.48 106.41 13.19 75.07 30.83 138.35 81.72 101.88 40.55 109.52 125.97 100.15 127.63 115.29 113.53 112.76 48.74 105.99 122.43 141.11 155.86 96.82 156.3 91.46 27.24 65.78 107.73 64.08 76.5 151.14 78.35 134.52 123.85 161.81 148.99 
30.9 90.92 20.05 119.97 65.57 94.15 115.2 78.5 49.85 82.98 0 90.32 47.09 103.34 47.25 33.04 84.11 104.96 95.54 42.28 84.56 49.75 59.56 127.38 74.63 79.6 105.61 39.71 113.4 31.84 112.86 20.51 113.82 43.37 26.77 80.31 82.01 74.07 63.56 66.01 125.23 66.15 84.77 99.48 64.39 52.84 71.93 53.54 82.61 114.06 55.21 40.85 35.65 62.71 18.68 92.18 50.91 70.16 53.57 63.2 105.05 126.85 83.71 110.7 29.46 39.34 70.65 62.64 66.43 60.86 105.32 26.46 55.92 123.44 68.65 54.78 51.63 58.74 88.14 58.93 91.67 72.45 93.47 39.15 101.64 83.07 24.54 116.52 38.67 74.06 76.77 115.5 84.67 84.33 47.42 46.62 67.65 52.33 91.03 81.74 21.29 103.51 68.05 38.05 126.55 73.67 82.97 94.3 104.56 42.55 101.66 79.91 106.3 93.48 14.1 95.25 45.01 61.22 28.84 58.04 69.4 109.56 67.53 121.29 52.06 126.51 85.87 62.01 44.6 54.49 106.36 97.28 71.7 52.09 40.62 40.31 116.82 83.19 15.38 104.8 89.96 54.59 51.65 16.35 27.4 98.1 66.28 109.78 121.31 111.39 41.77 87.13 26.23 78.41 31.19 62.73 62.72 74.48 75.91 113.34 52.95 97.89 67.69 72.79 97.64 120.74 129.98 76.15 70.88 98.28 57.51 87.02 71.22 108.37 97.51 57.6 117.38 68.94 89.62 33.22 61.73 94.88 58.93 50.36 66.99 73.06 103.31 108.13 77.68 88.27 103.22 36.95 70.43 24.06 79.19 10.5 103.44 41.86 81.85 96.35 
62.52 142.16 88.11 97.67 52.58 81.11 81.98 142.64 134.59 93.06 90.32 0 137 108.56 135.17 75.36 69.54 137.97 90.82 123.53 53.85 41.45 34.23 37.58 42.7 20.64 66.98 129.64 66.3 104.73 44.44 108.84 23.94 71.88 79.41 28.41 161.01 132.56 100.71 140.26 65.56 65.17 95.83 26.68 44.28 95.8 161.7 111.7 80.03 42.94 143.2 96.79 54.76 77.04 94.04 41.03 40.11 120.93 66.86 28.69 85.98 91.38 10.01 29.31 93.97 118.91 64.2 126.55 149.64 86.94 21.31 68.12 70.84 56.37 113.51 128.5 81.08 142.89 109.97 149.2 108.08 157.32 129.11 126.14 85.4 156.19 85.63 115.16 87.69 84.53 108.38 60.76 51.28 127.01 119.14 61.08 143.15 109.04 90.8 82.33 104.01 99.86 157.15 107.71 45.38 113.16 111.26 18.53 54.23 50.75 36.63 38.09 17.46 62.27 76.54 34.59 98.86 40.6 117.57 132.66 157.54 32.74 74.82 106.94 141.69 77.96 39.1 127.95 75.61 44.47 124.69 55.19 50.58 52.77 63.15 86.5 39.45 66.01 79.62 66.65 150.13 134.32 116.55 105.38 117.72 142.96 120.34 119.81 31.05 96.18 55.04 11.83 104.26 134.99 118.6 102.71 85.18 89.9 60.12 51.47 99.43 114.17 148.49 104.41 71.87 33.08 43.98 99.59 21.78 123.68 137.44 155.26 31.02 133.61 17.03 147.27 30.53 159.26 29.6 95.12 54.9 54.17 147.07 84.48 153.67 142.31 14.13 76.53 14.27 118.06 44.16 127.02 30.08 66.27 100.87 96.77 46.85 105.87 125.25 75.17 
77.6 99.47 57.71 157.41 109.93 132.65 155.91 79.83 20.79 116.37 47.09 137 0 134.14 26.02 68.85 117.04 122.15 121.43 41.7 128.49 95.83 106.63 174.28 120.21 124.66 141.34 16.12 157 42.93 155.06 33.26 160.68 84.43 67.86 127.08 64.06 67.8 90.97 60.87 170.06 100.62 106.68 143.65 105.98 71.59 31.36 59.37 120.39 160.55 13.26 68.91 82.63 92.24 45.92 133.4 97.97 72.64 88.63 109.18 143.48 167 130.71 155.48 60.33 31.81 112.34 70.85 31.51 85.3 152.41 69.98 96.14 169.28 89.32 56.33 88.18 40.49 115.21 16.55 108.56 46.77 111.84 16.28 130.65 72.9 56.54 147.63 64.45 109.73 102.28 154.25 123.26 100.9 43.19 85.69 44.74 72.43 126.23 109.52 35.6 137.51 21.53 56.56 173.5 83.17 96.01 141.37 149.3 89.5 144.29 121.75 152.48 129.38 61.19 141.67 61.36 107.67 19.95 41.66 35.92 156.48 106.22 156.2 18.81 169.46 131.77 54.21 76.91 97.9 130.94 135.44 110.76 97.47 85.1 74.92 160.55 124.7 57.91 147.57 91.38 47.39 65 31.64 20.43 109.4 81.38 137.45 167.85 147.86 85.05 132.92 47.21 86.66 29.71 77.41 97.52 98.08 111.86 158.99 79.9 125.18 51.83 87.94 138.76 166.43 177.08 105.89 117.95 121.12 33 81.32 115.21 129.12 142.9 10.63 164.46 24.26 132.96 54.05 100.35 139.11 29.29 76.63 25.06 55.82 150.22 141.24 123.91 111.31 149.08 10.2 117.32 70.88 97.55 43.54 144.12 51.66 85.06 128.37 
85.12 60.42 83.62 33 59.81 28.45 44.7 76.46 147.37 20.93 103.34 108.56 134.14 0 113.3 123.66 158.11 39.37 177.42 94.6 55.04 102.45 85.77 124.74 66.34 118.69 167.77 118.45 60.6 135.12 152.59 103.26 117.32 62.89 77.1 80.16 108.22 177.24 43.17 89.57 76.45 143.5 173.36 134.42 126.45 150.47 138.23 155.89 29.33 88.11 146.84 65.93 93.76 148.41 121.36 142.93 90.85 172.03 135.11 106.15 29.52 49.16 98.96 137.56 76.34 141.5 47.04 71.15 163.22 152.44 102.61 109.26 52 84.95 47.54 84.71 52.09 108.02 20.49 134.59 183.68 117.95 37.84 135.89 177.72 95.76 122.92 13.52 135.75 31.09 33 166.87 146.27 45.28 150.68 124.66 169.15 62.34 17.95 164.26 124.18 11.24 153.92 77.59 104.87 172.74 178.98 93.97 65.24 84.06 143.38 133.59 123.15 158.7 96.3 78.8 145.36 74.94 125.14 160.39 127.52 94.34 40.85 25.47 123.86 63.78 70.22 165.34 133.72 116.36 19.27 155.7 137.28 69.28 71.27 63.17 147.89 42.56 109.57 51.68 74.92 95.82 71.38 115.85 116.76 53.73 58.21 11.33 127.86 23.88 112.91 116.88 87.77 64.02 104.43 160.75 40.85 163.54 146.86 77.35 54.3 13.05 104.32 168.93 40.56 137.02 115.05 28.32 92.47 25.12 157.78 88.19 120.64 30.2 125.45 143.3 110.91 143.28 132.88 134.32 132.88 58.37 120.84 143.34 159.12 175.91 110.27 175.39 108.81 29.05 74.94 126.01 81.16 97.42 171.98 98.1 152.11 144.51 182.69 168.61 
72.76 73.85 48.05 139.36 99.21 115.92 140.16 53.87 46.07 97.33 47.25 135.17 26.02 113.3 0 77.53 128.68 97.47 136.69 18.72 116.55 96.12 102.11 171.12 110.8 126.34 151.53 12.34 143.91 58.99 160.11 26.91 157.85 72.34 58.02 120.2 40.48 91.64 70.65 34.86 158.3 111.1 123.35 146.46 111.55 88.14 28.03 79.52 103.64 152.1 38.94 51.39 80.85 105.13 55.63 139.38 95.06 94.56 98.5 109.46 126.39 150.59 127.48 157.39 46.1 52.5 98.84 46.06 57.38 100.26 147.68 73.64 82.42 159.19 66.65 31.2 72.66 15.45 93.5 21.29 127.19 26.28 87.65 37.95 144.56 47.54 66.09 126.59 77.63 92.21 80.54 162.36 131.34 76.6 64.8 92.99 70.47 50.99 107.75 123.69 47.47 118.05 41.58 37.33 166.61 103.49 115.64 136.1 137.81 84.79 148.9 127.14 151.85 139.37 59.48 133.39 78.05 100.51 33.51 66.25 22.42 149.68 90.76 136.76 10.57 155.43 122.58 77.75 87.84 101.74 107.95 143.91 118.39 88.79 76.12 59.82 163.88 110.5 61.95 133.84 65.37 21.49 42.13 38.16 24.62 83.96 57.58 115.32 166.16 129.44 89.01 133.29 32.88 61.24 16.59 95.78 80.25 113.83 121.62 148.72 60.36 103.23 26.91 106.59 123.76 166.76 171.66 85.65 114.35 97.84 58.47 55.53 118.36 105.11 143.92 32.01 159.9 30.33 136.8 68.17 108.19 127.2 11.91 90.4 49.51 81.18 147.26 153.05 123.47 88.38 139.39 24.33 111.24 70.22 115.36 38.76 150.6 69.7 107.26 140.67 
38.72 121.94 48.53 133.1 72.56 107.72 124.33 111.06 61.14 102.74 33.04 75.36 68.85 123.66 77.53 0 51.41 132.8 62.71 75.17 90.21 35.84 54.54 112.61 76.87 58.97 74.03 67.6 117.57 29.95 86.39 52.34 99.12 60.86 49.47 76.37 114.58 60.74 89.4 99.05 125.84 33.62 53.1 76.23 37.61 27.33 98.5 38.39 98.07 109.39 71.54 69.42 32.56 29.83 23.03 64.61 44.47 51.62 20.98 46.83 117.89 136.16 71.99 88.53 58.95 44.52 82.16 94.79 75.05 29.81 94.51 14.48 71.9 121.08 97.17 87.77 72.53 90.58 112.03 84.06 61.56 103.62 121.36 54.76 68.6 116.1 12.3 135.87 13.87 92.64 102.41 85.72 54.61 113.36 43.78 16.95 67.81 82.48 108.44 48.82 33.24 121.15 86.21 70.03 118.17 49.54 55.4 85.44 106.58 43.59 75.82 53.2 88.28 61.87 29.81 92.11 25.45 61.68 49.1 57.31 98.51 102.21 83.65 137.03 79.86 131.28 85.77 53.57 11.78 31.53 130.6 66.99 41.95 58.7 52.71 65.09 92.55 93.55 18.18 111.15 122.28 87.45 83.52 39.76 53.92 128.19 96.8 131.96 104.39 126.09 20.49 68.38 58.98 109.94 62.77 37.4 83.48 42.73 44.12 112.16 80.29 120.99 100.18 45.29 107.35 100.69 118.87 99.3 61.58 123.9 62.4 119.98 48.41 134.51 77.14 77.82 105.47 92.99 65.05 19.76 31.53 98.9 88.46 19.88 80.51 67.71 89.46 75.67 61.15 114.36 101.92 60.27 66.5 26.24 49.28 43.54 75.27 30.73 60.38 63.58 
78.01 169.13 96.79 157.95 99.1 135.65 144.82 160.6 104.42 138.21 84.11 69.54 117.04 158.11 128.68 51.41 0 175.72 21.42 126.39 111.21 55.7 73.45 97.84 96.72 49.26 25.05 118.22 132.19 74.31 50.99 103.74 87.06 100.08 94.53 88.14 165.96 79.86 132.19 149.9 134.32 17.99 28.54 52.18 31.89 48.65 147.91 66.12 129.33 112.37 116.61 115.99 67.02 25.03 73.2 32.89 67.27 66.61 30.54 53.79 143.81 155.7 73.27 63.43 106.9 87.62 111.53 143.91 114.28 34.14 90.5 59.67 107.65 125.76 142.19 138.34 112.56 141.97 151.31 133.13 40.28 154.87 164.72 101.4 19.72 167.04 62.59 168.33 52.59 127.91 144.17 41.04 19.02 158.31 80.73 38.6 100.89 129.73 140.76 14.76 82.44 152.59 131.21 119.41 113.73 54.61 47.38 87.05 119.87 74.85 44.98 31.45 72.33 14.63 77.57 100.84 57.65 84.21 98.3 92.24 149.08 102.28 117.58 164.91 130.19 145.07 100.29 81.84 40.87 41.82 169.29 24.17 21.35 88.9 89.73 109.19 61.52 119.64 68.79 129.59 171.32 138.69 132.49 90.58 104.58 174.04 143.95 168.11 86.96 153.53 48.23 57.88 109.37 157.99 114.18 49.01 122 27.17 11.28 119.94 125.09 158.85 151.57 44.56 130.61 77.61 109.66 138.67 71.17 164.5 100.87 170.34 41.21 175.31 59.58 124.64 97.17 141.21 42.21 63 25.82 116.2 139.28 40.71 122.8 94.96 81.29 24.4 58.68 155.97 111.3 109.65 81.68 69.38 36.87 94.52 37.61 67.78 65.4 12.27 
97.88 27.28 85.47 71.83 85.58 64.75 84 48.1 139.32 45.7 104.96 137.97 122.15 39.37 97.47 132.8 175.72 0 192.76 80.46 87.81 121.35 109.23 159.66 95.57 143.84 189.73 106.07 99.11 135.64 180.05 97.14 150.69 75.68 83.37 110.23 79.74 177.21 43.73 65.96 115.29 159.14 185.58 161.98 145.8 157.14 117.46 158.14 59.81 124.71 135.4 64.21 108.7 161.09 123.57 166.9 111.18 174.84 148.67 128.65 68.43 88.29 127.99 167.26 75.52 138.04 73.82 51.43 153.39 162.61 136.12 119.56 69.89 123.1 36.32 66.27 63.24 87.57 28.2 117.85 194.34 93.68 11.5 128.52 195.35 65.92 128.39 46.18 142.43 53.45 31.63 191.95 167.3 21.49 149.09 138.61 163.21 53.29 51.67 178.9 123.08 50.46 138.93 69.56 141.8 178.54 187.13 126.11 102.13 101.59 169.81 156.07 154.14 179.28 103.05 112.69 149.92 99.38 118.96 156.11 105.64 129.58 63.29 62.53 107.63 103.11 102.55 163.97 144.18 134.64 20.95 178.23 156.46 89.83 86.16 67.79 177.19 74.9 115.79 89.5 41.83 76.64 57.88 112.93 109.01 17.39 41.18 31.65 161.27 63.19 127.74 144.28 82.12 37.16 94.21 167.29 54.81 175.28 164.93 114.74 52.6 27.41 80.4 176.87 77.56 169 151.48 38.74 118.79 15.26 151.12 56.59 143.14 10.95 154.06 129.44 145.74 124.77 158.18 138.16 149.91 93.75 101.63 152.49 146.75 172.01 142.41 196.03 134.97 20.25 110.82 116.25 108.32 108.08 182 96.64 177.21 146.42 186.76 187.29 
94.98 184.1 110.79 178.7 119.13 155.9 165.89 173.77 105.92 157.16 95.54 90.82 121.43 177.42 136.69 62.71 21.42 192.76 0 137.13 132.04 75.15 93.87 117.62 117.49 70.65 35.33 125.34 153.52 78.82 67.4 113.72 107.47 117.64 110.06 109.38 175.7 72.55 149.03 161.39 155.73 33.99 16.38 71.93 52.44 49.86 152.78 64.67 149.02 133.7 118.65 131.07 84.62 32.88 81.48 52.56 86.97 59.75 44.18 74.69 164.37 176.87 94.68 82.3 121.16 90.16 131.33 157.45 112.99 36.49 111.63 73.93 126.19 147.11 158.19 150.31 130.08 150.96 169.41 137.94 23.84 162.93 181.54 105.22 11.97 178.29 71.82 188.08 59.11 146.81 161.45 52.96 39.74 174.42 80.93 54.15 97.42 144.53 160.36 14 89.26 172.43 132.67 132.7 134.6 46.38 35.29 108.45 141.21 93.48 63.62 52.75 92.58 31.03 91.59 122.24 60.07 104.48 104.32 90.33 155.59 123.54 136.64 185.34 136.61 166.45 121.49 78.09 50.98 61.3 187.66 40.88 42.38 108.16 107.62 125.31 78.76 139.99 80.89 150.73 184.96 149.26 146.14 98.79 112.09 189.77 158.87 187.11 106.54 173.96 65.28 79.09 121.65 172.38 123.62 45.74 140.05 23.36 32.1 141.35 141.07 177.38 161.29 37.26 151.37 96.31 130.06 156.65 92.33 182.29 99.99 182.56 62.55 193.08 80.05 127.65 117.85 144.98 62.8 68.62 44.61 137.34 146.4 46.35 122.83 89.4 102.23 28.06 80.1 173.38 132.71 115.42 102.63 84.89 27.11 106.02 54.56 69.9 54.63 18.52 
61.3 58.7 35.51 120.79 83.4 97.66 122.06 40.87 59.42 78.69 42.28 123.53 41.7 94.6 18.72 75.17 126.39 80.46 137.13 0 99.92 86.86 89.61 158.25 95.43 117.07 147.67 25.61 126.63 63.68 152.45 23.61 145.31 56.5 44.31 105.96 39.95 101.48 51.94 24.64 141.43 108.43 125.28 137.53 105.32 91.17 45.44 86.01 85.43 136.69 54.96 33.6 70.94 104.52 56.18 132.71 83.78 102.17 95.85 99.72 108.02 132.3 115.16 147.71 30.52 61.31 81.77 29.36 72.96 101.47 134.2 67.95 65.51 142.99 48.22 15.69 55.18 19.5 74.88 39.99 130.78 33.87 70.15 49.28 143.73 41.2 65.31 107.92 78.6 73.87 61.91 156.79 126.33 59.19 73.4 88.71 83.76 32.27 89.16 123.52 50.81 99.35 59.74 19.33 151.84 109.26 120.42 122.48 121.18 72.79 141.13 120.34 140.67 135.59 51.32 118.25 81.73 86.52 41.24 77.81 36.95 135.1 73.05 118.05 29.27 137.78 107.13 87.63 86.51 94.64 89.73 138.92 113.41 74.28 61.89 42.88 155.01 93.05 57.64 116.38 52.85 12.31 23.66 40.01 30.79 68.23 39.72 96.82 154.19 110.83 82.57 123.05 19.39 45.64 15.48 100.01 62.05 115.23 118.1 132.52 41.78 84.67 25.92 110.71 105.95 155.97 157.58 66.93 102.09 79.74 71.58 46.47 110.27 87.47 133.89 49.56 146.39 48.96 128.73 70.55 103.68 110.49 27.85 91.1 66.49 93.48 134.78 150.4 112.91 70.1 123.52 36.21 97.61 61.78 118.48 31.95 144.08 74.99 114.82 138.63 
55.18 97.83 70.84 46.75 19.01 27.26 34.61 104.34 134.4 42.14 84.56 53.85 128.49 55.04 116.55 90.21 111.21 87.81 132.04 99.92 0 58.83 38.62 71.94 14.56 66.42 116.56 115.96 28.84 111.87 98.2 95.41 63.03 44.45 60.63 25.73 129.92 150.36 58.82 108.37 41.82 99.62 131.55 80.18 79.59 117.12 144.55 127.84 28.01 39.49 138.7 66.71 57.75 107.68 97.92 90.78 47.34 141.83 94.44 57.42 33.12 46.26 44.59 82.6 70.46 122.89 18.72 90.96 150.99 114.48 48.38 76.62 34.43 43.32 71.44 98.38 45.3 118.62 59.72 135.58 143.12 132.14 80.6 123.5 130.04 121.4 94.65 61.34 103.99 36.17 61.84 113.52 96.54 81.32 128.35 84.61 150.94 74.23 37.66 120.23 104.89 46.02 150.02 80.78 56.42 138.7 141.64 39.01 21.28 46.81 89.59 83.06 68.11 108.91 71.97 24.91 115.32 29 112.79 140.73 136.86 42.24 29.79 54.42 125.78 42.11 15.2 141.24 97.18 71.72 72.19 104.35 89.86 32.97 43.98 57.04 92.97 12.95 82.72 20.99 108.83 107.41 83.96 100.67 108.16 96.05 80.99 66.36 73.62 43.22 73.26 63.02 83.9 94.05 101.95 126.66 42.57 122.87 100.07 32.93 62.82 62.03 120.34 132.48 19.44 82.15 64.98 51.94 40.68 72.78 141.68 117.6 70.77 81.88 70.86 139.03 58.03 145.7 80.02 106.61 88.2 10.68 127.41 107.48 150.9 154.33 55.37 125.07 56.13 69.11 25.21 118.53 29.62 66.95 132.83 85.15 98.97 118.14 150.14 120.24 
26.94 117.96 51.82 104.67 44.14 81 93.42 113.21 93.24 82.52 49.75 41.45 95.83 102.45 96.12 35.84 55.7 121.35 75.15 86.86 58.83 0 20.43 79 44.46 30.31 68.54 89.43 84.14 63.97 65.95 69.29 65.35 46.01 45.5 41.15 126.16 96.04 78.56 106.78 90.92 41.56 72.97 50.69 24.52 60.41 121.65 73.98 73.87 73.62 101.75 66.35 16.03 48.86 52.68 47.82 11.88 85.85 35.63 13.45 89.94 104.97 36.61 61.28 60.02 77.85 56.18 96.34 108.52 55.92 59.16 26.73 52.2 85.53 89.73 94.73 58.24 105.58 96 108.61 84.37 119.89 110.7 84.69 75.38 123.65 44.8 112.93 49.33 72.23 89.74 73.03 46 105.39 79.13 26.07 103.13 80.03 85.24 62.42 62.58 97.28 115.76 73.94 82.51 80.97 82.96 49.68 72.53 19.77 54.63 35.87 56.68 57.93 36.64 56.72 60.95 30.05 76.24 92.57 118.51 66.4 61.88 110.59 101.72 97.8 51.56 89.4 39.72 13.91 113.77 57.41 35.3 33.2 35.41 57.61 68.17 65.3 38.19 79.06 122.63 98.56 85.24 64.19 76.98 121.49 93.48 112.41 72.06 99.24 15.76 37.38 67.56 108.18 79.57 69.21 66.88 64.07 44.5 76.93 73.13 103.27 112.65 74.07 77.6 71 83.8 83.52 25.75 109.41 96.62 124.67 24 120.18 47.84 105.99 70.55 118.53 42.14 55.19 30.54 66.06 108 49.88 112.26 103.54 55.15 74.69 28.08 101.29 66.82 85.95 31.74 25.92 74 57.37 59.04 66.49 92.77 66.56 
29.52 110.06 54.42 84.95 25.99 62.2 73.13 108.99 107.37 67.03 59.56 34.23 106.63 85.77 102.11 54.54 73.45 109.23 93.87 89.61 38.62 20.43 0 69.01 24.13 34.64 82.1 97.61 63.8 80.33 71.33 76.44 55.81 38.2 45.34 22.07 126.79 115.26 68.88 106.05 71.3 61.05 92.93 53.65 41.58 80.33 129.25 92.92 56.54 55.87 114.38 62.71 24.87 69.15 67.55 57.93 10.11 105.61 56.02 20.38 70.5 84.62 25.55 61.15 59.79 93.29 38.73 92.67 123.39 76.35 45.93 42.72 39.57 66.86 81.28 94.27 48.54 109.05 82.27 117.49 104.51 123.47 99.37 97.71 92.74 122.07 61.57 95.23 68.36 57.17 78.22 82.76 60.52 95.79 96.29 46.48 119.99 75.27 68.03 81.75 76.47 79.44 127.57 73.49 67.14 101.25 103.39 34.74 52.34 17.4 60.74 47.91 51.64 72.96 45.46 37.82 79.98 10.87 88.09 109.46 124.33 50.26 46.71 91.49 109.29 77.48 31.39 107.68 59.82 33.11 99.02 70.12 52.2 19.86 28.99 52.53 70.13 46.19 52.03 58.65 117 100.2 82.46 75.58 86.61 111.96 87.19 96.32 64.58 80.11 35.65 36.48 70.48 101.97 85.69 89.39 54.63 84.28 62.2 57.67 66.2 88.35 114.35 94.48 57.69 67.21 70.47 70.53 12.51 96.03 112.35 121.42 34.91 106.57 47.16 117.16 58.09 127.68 48.95 72.91 49.67 45.63 113.96 70.06 125.7 121.52 45.25 89.62 26.42 88.99 47.41 96.46 12.01 36.54 94.35 64.48 67.99 84.48 112.97 83.28 
98.43 168.85 123.35 104.3 79.49 96.36 87.07 172.68 172.16 114.06 127.38 37.58 174.28 124.74 171.12 112.61 97.84 159.66 117.62 158.25 71.94 79 69.01 0 67.2 54.76 86.56 166.31 68.56 142.18 54.29 145.27 13.65 103.64 113.97 53.65 194.12 168.2 128.23 172.85 58.81 98.19 126.05 45.74 79.03 131.5 198.15 148.06 99.86 37.98 180.72 129.01 91.73 110.78 131.62 65.14 76.58 156.05 102.21 66.22 97.09 92.63 43.77 35.99 127.98 156.43 88.12 157.53 187.16 121.24 24.76 105.69 99.39 47.18 141.21 161.49 110.58 177.75 131.64 186.05 138.05 192.11 152.51 163.68 109.49 187.9 123.14 127.63 124.52 107.71 133.23 73.41 78.85 152.65 156.32 97.64 180.27 139.96 108.61 112.12 141.58 114.28 194.6 141.22 25.13 147.11 143.42 36.38 60.14 86.34 54.33 68.39 25.96 86.7 113.43 47.03 135.42 72.06 154.99 169.84 193.34 30.39 99.74 115.36 178.16 74.98 57.77 164.52 111.93 81.31 143.08 77.29 82.7 84.61 96.51 118.5 43.03 84.77 117.13 74.4 178.72 168.37 148.48 142.72 154.76 167.77 149.55 135.93 11.26 106.47 92.45 44.79 139.33 163.62 154.67 137.51 111.84 121.9 90.66 49.85 129.36 133.36 182.38 137.79 84.28 23.59 15.33 123.53 56.83 144.54 174.87 185.73 65.9 153.25 38.82 184.62 13.92 196.18 55.93 132.36 89.3 66.44 182.97 120.16 191.25 178.9 24.07 96.62 51.54 141.02 49.86 164.24 60.81 103.42 132.77 133.24 64.5 142.89 159.07 99.79 
44.09 101.98 63.4 61.23 12.52 40.11 49 105.59 124.31 50.38 74.63 42.7 120.21 66.34 110.8 76.87 96.72 95.57 117.49 95.43 14.56 44.46 24.13 67.2 0 52.86 102.77 108.8 40.73 100.06 86.29 87.73 56.34 38.94 53.13 14.68 128.53 137.41 61.07 107 50.74 85.07 117.03 68.11 65.05 103.46 138.77 114.9 37.43 41.32 129.61 63.62 44.83 93.27 86.4 77.26 33.18 128.43 80.09 42.93 47.24 60.51 32.85 71.99 65.05 111.83 21.82 90.83 140.79 100.28 42.5 63.74 32.43 49.08 74.05 96.17 43.77 114.69 67.45 128.71 128.64 128.7 87.15 113.78 115.64 121.36 82.2 74.11 90.73 42.17 66.92 100.67 82.35 86.09 116.45 70.39 139.52 73.39 48.43 105.67 94.09 58.43 141.68 76.96 56.59 124.81 127.39 31.35 30.35 34.21 77.05 68.99 58.57 94.76 61.27 22.87 102.2 15.19 103.35 129.16 132.04 40.25 33.07 68.5 119.4 54.43 11.78 128.84 83.28 57.19 82.02 90.58 75.37 22.73 35.21 53.26 82.14 24.17 70.92 34.66 111.53 104.19 82.42 90.96 99.78 101.66 82.39 77.47 66.74 57.18 59.2 50.53 77.93 96.42 95.34 112.83 44.74 108.42 85.55 38.81 62.47 71.48 117.76 118.35 33.89 73.54 63.29 57.64 26.72 81.08 130.81 118.72 56.51 90.93 59.32 130.83 53.81 138.94 66.82 94.03 73.64 22.03 122.15 93.57 141.57 142.24 47.24 111.07 42.73 75.9 28.9 110.07 15.4 54.94 118.45 76.68 85.97 105.63 136.38 105.9 
56.33 144.15 81.83 112.56 59.32 92.97 98.03 141.54 119.77 100.95 79.6 20.64 124.66 118.69 126.34 58.97 49.26 143.84 70.65 117.07 66.42 30.31 34.64 54.76 52.86 0 50.18 119.29 83.94 88.9 37.08 99.46 41.86 71.65 74.73 41.26 156.15 113.48 103.26 136.4 85.12 44.69 75.2 20.51 24.37 76.75 151.5 93.34 89.4 63.15 129.4 94.62 46.14 56.82 79.77 24.4 35.07 101.47 47.49 17.47 99.52 108.29 24.32 31.1 89.47 103.42 72.03 124.84 134.01 66.97 41.93 54.68 74.19 76.52 115.42 124.38 82.77 135.87 116.69 138.14 87.45 150.19 134 112.33 66.03 153.07 70.31 126.96 70.12 91.38 112.85 48.38 31.66 130.24 102.22 43.18 126.01 107.91 100.75 61.74 90.11 111.24 143.79 103.46 65.88 93.1 90.74 37.8 71.62 46.43 26.2 18.02 29.49 43.46 66.87 52.17 80.79 44.64 104.79 115.68 148.71 53.21 81.01 120.82 131.66 96.41 53.41 109.85 57.26 27.47 133.03 37.98 29.94 54.36 61.51 85.07 37.96 77.02 66.78 82.58 150.28 128.66 114.05 93.21 106.51 146.44 120.61 129.59 45.7 109.64 39.84 10.04 97.73 135.44 109.82 83.03 89.26 69.33 39.54 70.78 99.73 122.35 142.8 84.15 85.63 41.95 63.6 105.12 26.24 130.48 121.33 153.48 11.14 140.93 18.32 134.51 50.34 147.9 14.37 78.5 34.85 69.39 138.19 65.41 139.11 124.23 33.78 58.98 10.35 123.6 62.47 115.04 37.61 56.12 80.3 87.6 33.57 88.6 105.17 55.85 
94.16 186.06 115.9 162.73 107.96 142.86 147.97 179.55 129.32 149.06 105.61 66.98 141.34 167.77 151.53 74.03 25.05 189.73 35.33 147.67 116.56 68.54 82.1 86.56 102.77 50.18 0 141.57 133.12 98.88 33.34 125.81 78.33 114.55 112.03 91.41 187.56 103.9 147.1 170.39 132.15 40.79 49.24 42.74 44.56 73.7 171.92 91.11 138.46 108.94 141.41 133.51 82.74 49.94 96.63 26.13 78.61 90.66 53.17 61.79 149.67 157.94 73.7 50.57 125.52 112.44 120.75 162.66 139.33 59.17 85.64 79.79 120.07 122.24 158.13 158.56 126.76 164.2 163.74 157.23 58.97 177.52 179.19 125.93 24.53 187.57 85.85 176.66 77.01 139.07 158.16 17.66 22.58 173.9 105.77 58.99 125.8 147.35 149.93 37.49 106.28 160.88 156.05 138.76 106.5 78.06 69.01 85.51 120.92 88.28 32.77 34.19 63.51 12.17 97.19 101.25 82.64 92.85 122.24 117.25 172.49 98.26 128.59 170.98 153.74 144.95 103.52 106.66 64.53 56.02 180.95 12.2 34.76 100.3 103.94 125.58 45.05 126.81 90.26 132.52 189.7 159.96 151.28 113.76 127.89 189.96 161.23 178.4 75.3 159.76 66.05 55.48 129.74 175.72 136.42 73.65 135.02 50.95 29.91 118.31 141.33 170.31 173.29 68.1 135.81 63.83 100.32 151.52 76.05 177.36 125.92 190.07 47.19 188.05 52.42 149.24 89.37 165.57 37.5 87.46 44.02 119.43 162.48 65.53 147.8 119.52 75.44 10.09 60.53 169.58 111.1 133.58 87.4 87.79 59.22 115.75 22.13 92.75 87.99 17.36 
68.1 83.78 45.42 142.57 97.84 118.21 141.89 64.64 34.59 101.12 39.71 129.64 16.12 118.45 12.34 67.6 118.22 106.07 125.34 25.61 115.96 89.43 97.61 166.31 108.8 119.29 141.57 0 144.06 47.08 151.91 21.26 152.85 71.52 55.71 116.95 52.79 79.42 75.31 46.13 157.75 100.9 111.66 139.06 102.95 76.36 32.23 67.25 105.9 149.77 29.36 53.84 74.88 94.24 45.04 130.77 89.75 82.22 88.4 102.88 128.94 152.76 122.54 150.38 46.22 40.16 99.06 54.87 47.38 88.85 143.51 65.35 82.67 157.73 73.25 40.52 73.95 27.78 99.31 19.99 115.18 37.78 95.73 25.76 133.55 59.68 55.75 131.92 66.48 94.94 86.36 153.09 121.98 84.79 52.47 83.65 59.09 56.48 111.18 112.55 36.14 122.19 35.69 40.9 163.54 91.24 103.47 132.15 137.05 80.22 140.82 118.69 145.87 129.43 53.12 130.9 66.2 97.28 21.41 54.28 30.92 146.52 92.14 140.92 12.45 156.16 120.52 65.51 77.36 93.7 114.87 134.47 109.12 86.25 73.61 60.72 156.33 111.19 53.31 134.34 76.4 32.31 48.89 27.84 13.68 93.57 65.26 121.51 160.68 132.88 80.81 126.81 32.72 70.86 14.47 83.73 82.75 102.3 111.69 147.33 64.37 109.25 39.22 94.54 124.98 160.42 167.89 90.29 109.5 105.02 46.96 67.35 110.69 113 137.22 24.87 155.7 30.24 128.97 56.72 98.79 126.63 21.13 79.21 41.09 69.47 142.28 142.62 117.28 95.23 137.66 12.07 107.55 63.61 103.45 33.13 141.85 57.6 94.92 130.07 
83.85 115.13 99.29 35.77 47.84 35.14 18.54 125.46 163.23 57.35 113.4 66.3 157 60.6 143.91 117.57 132.19 99.11 153.52 126.63 28.84 84.14 63.8 68.56 40.73 83.94 133.12 144.06 0 140.41 109.06 123.81 64.82 72.63 89.18 44.35 153.58 178.14 80.73 132.32 16.48 122.93 155.1 92.44 101.85 143.98 171.78 155.64 44.56 30.6 167.41 93.05 85.54 132.29 126.55 107.02 73.49 169.07 119.47 79.65 31.11 25.39 59.69 90.94 98.11 151.66 45.1 114.04 179.83 140.01 51.41 104.46 61.55 24.46 92.13 123.31 71.45 144.72 73.37 163.48 167.05 157.71 94.75 152.32 149.87 143.71 122.83 60.54 131.43 56.06 79.81 126.65 115.55 98.43 156.86 110.21 179.64 98.54 48.3 142.85 133.69 49.4 178.51 107.3 45.75 165.04 166.89 47.88 12.34 74.81 102.66 101.83 75.25 127.39 100.75 31.89 142.92 55.91 141.58 169.37 163.49 39.79 53.83 47 153.45 13.71 32.72 169.48 123.59 95.77 79.85 121.16 111.22 61.68 72.81 84.09 101.19 33.63 111.23 10.65 127.92 133.06 108.61 129.5 136.74 111.04 102.71 71.01 74.47 39.12 99.42 77.64 111.66 114.06 129.88 153.17 65.94 147.13 121.49 18.71 87.14 71.7 145.28 158.18 22.8 85.9 56.49 69.96 61.55 83.99 170.48 138.57 90.98 90.71 82.37 167.49 55.75 173.5 95.63 134.7 111.46 18.83 154.4 133.85 179.64 182.76 61.33 142.47 73.86 83.64 22.26 147.1 52.57 95.34 157.54 113.81 113.09 146.29 176.74 139.74 
56.73 119.23 51.84 150.48 93.06 124.59 144.34 103.98 31.5 114.65 31.84 104.73 42.93 135.12 58.99 29.95 74.31 135.64 78.82 63.68 111.87 63.97 80.33 142.18 100.06 88.9 98.88 47.08 140.41 0 115.29 40.74 128.62 74.07 58.19 102.38 99.16 42.24 95.2 88.2 150.54 58.46 64.67 106.03 67.2 29.33 74.16 22.76 113.46 136.18 42.79 72.11 55.79 49.39 14.19 93.36 70.35 39.41 47.14 76.05 135.37 156.14 100.58 118.39 60.7 14.62 100.1 89.77 45.12 42.47 123.13 37.76 86.52 147.06 99.39 78.82 83.23 74 119.92 59.3 68.23 84.86 124.22 27.1 87.76 104.03 19.17 148.25 21.92 105.51 108.35 112.57 82 114.56 16.5 46.5 39.67 82.41 122.38 66.63 13.02 134.96 57.54 66.67 146.3 45.58 57.02 113.39 130.4 65.89 105.07 82.49 118.14 87.08 40.66 118.08 19.12 85.29 25.73 29.18 76.82 129.88 98.37 152.46 57.88 153.92 110.29 30.39 35.17 61.44 138.04 93.77 70.09 78.93 69.3 72.15 122.07 112.43 29.18 132.7 115.9 74.79 79.77 23.88 34.63 127.34 95.67 141.62 134.2 142.27 49.73 98.22 53.98 106.26 48.51 36.87 94.4 55.56 69.86 137.55 84.38 129.7 85.02 47.69 126.83 130.64 147.75 107.99 89.22 129.76 32.71 110.09 78.36 139.66 107.09 50.36 134.45 66.97 94.72 11.51 59.87 121.58 67.9 33.73 50.82 42.55 118.74 98.39 90.65 119.68 127.24 36.63 92.26 45.12 56.38 39.01 103.51 11.33 51.75 85.48 
92.72 181.19 117.73 141.8 94.68 125.45 125.71 178.5 146.78 136.13 112.86 44.44 155.06 152.59 160.11 86.39 50.99 180.05 67.4 152.45 98.2 65.95 71.33 54.29 86.29 37.08 33.34 151.91 109.06 115.29 0 133.27 48.06 108.73 111.27 72.56 192 129.72 140.18 172.73 105.16 59.14 79.09 18.2 49.12 95.44 183.78 113.3 123.69 81.64 157.77 131.54 81.97 71.46 109.15 21.93 72.09 116.6 68.49 54.21 130.4 134.43 53.68 19.15 125.91 129.79 107.04 161.74 159.15 82.11 58.33 86.6 110.83 94.37 152.44 160.68 119.74 170.76 152.49 169.75 90.1 184.88 170.5 141.12 57.56 189.56 98.65 159.54 94 127 149.4 19.19 34.84 167.11 125.7 69.44 148.03 144.92 134.71 65.67 119.52 144.16 172.49 139.86 76.19 105.25 98.33 61.66 97.47 83.39 11.33 33.33 34.4 37.07 101.34 78.24 102.51 80.7 135.16 138.46 182.21 70.95 116.84 151.29 164.36 119.47 83.54 129.8 80.36 58.37 168.09 27.03 45.33 91.17 98.58 122.1 11.73 110.11 98.6 110.57 187.34 164.32 150.84 124.64 138.56 183.29 157.7 163.75 43.14 140.59 71.16 35.91 133.29 172.52 143.87 98.28 125.82 77.95 48.37 92.3 136.81 157.47 178.34 95.24 116.29 30.94 68.79 141.32 61.27 166.29 145.85 190.3 42.19 176.53 27.41 164.2 59.25 179.04 23.81 103.93 55.42 98.44 171.78 85.15 166.04 143.64 48.02 43.14 45.11 159.87 86.84 146.08 72.05 90.71 87.86 121.82 13.39 111.93 116.32 48.89 
